0 FILE Garden of Terror.ldr
0 The main model
0 Name: Garden of Terror.ldr
0 Author: 
1 15 0 8 0 1 0 0 0 1 0 0 0 1 4186.dat
1 16 -160 0 0 1 0 0 0 1 0 0 0 1 MapTile1.ldr
1 16 160 0 -320 -1 -0 0 -0 1 -0 0 -0 -1 MapTile1.ldr
1 16 -43.723999 0 108.377075 -0.581144 0 0.813801 0 1 0 -0.813801 0 -0.581144 Lunara.ldr
1 16 -259.201416 0.099998 -124.876892 -1 0 0 0 1 0 0 0 -1 Tyrande.ldr
1 15 -320 0 320 1 0 0 0 1 0 -0 0 1 MapTileLanes.ldr
1 16 -160 0 -320 -1 -0 0 -0 1 -0 0 -0 -1 MapTile2.ldr
0 NOFILE
0 FILE Lunara.ldr
0 Lunara
0 Name: Lunara
0 Author: 
1 16 -14.7336 -13.991 4.7797 0.68747 0 -0.726213 0.142431 0.980578 0.134833 0.712108 -0.196129 0.674118 DeerBody.ldr
0 STEP
1 16 14.7336 -102.009697 -4.7797 0.68747 -0.142431 -0.712108 0.142431 0.987978 -0.060106 0.712108 -0.060106 0.699492 HumanBody.ldr
0 STEP
0 NOFILE
0 FILE HumanBody.ldr
0 HumanBody
0 Name: HumanBody
0 Author: 
1 29 -0.9325 -45.842499 -0.0114 1 0 0 0 1 0 0 0 1 973pb5.dat
1 29 -0.914 -69.842499 -0.0114 1 0 0 0 1 0 0 0 1 3626cp8d.dat
1 29 14.4922 -36.662399 -0.0114 0.983263 0.182193 0 -0.182194 0.983263 0 0 0 1 3819.dat
1 29 -16.4291 -36.613098 -0.0114 0.985467 -0.011799 -0.169484 0.169895 0.06844 0.983083 0 -0.997585 0.069449 3818.dat
1 288 22.867201 -18.8913 -10.0114 0.990278 -0.05247 -0.12883 -0.05247 0.716829 -0.695272 0.12883 0.695272 0.707107 3820.dat
1 288 -19.894899 -45.488998 -19.6182 -0.982995 -0.145904 -0.1115 0.039692 -0.761668 0.64675 -0.17929 0.631327 0.754508 3820.dat
0 STEP
1 16 5.3985 -24.6665 0.4886 1 0 0 0 1 0 0 0 1 HairMain.ldr
0 STEP
1 29 -0.914 -13.8425 -0.0114 1 0 0 0 1 0 0 0 1 3938.dat
0 STEP
1 16 -2.9398 2.1482 -102.031998 -0.823977 0.168997 0.540834 -0.361888 0.577499 -0.731801 -0.436003 -0.798708 -0.414688 Spear.ldr
0 STEP
0 NOFILE
0 FILE HairMain.ldr
0 HairMain
0 Name: HairMain
0 Author: 
1 288 -6.3333 -45.175999 -0.5 1 0 0 0 1 0 0 0 1 15677.dat
1 297 -6.3333 -55.175999 1 1 0 0 0 1 0 0 0 1 96483.dat
1 297 12.6667 -40.175999 -0.5 0 -1 0 1 0 0 0 0 1 96483.dat
0 NOFILE
0 FILE Spear.ldr
0 Spear
0 Name: Spear
0 Author: 
1 19 0 -72.839104 0 -1 0 0 0 -1 0 0 0 1 577b.dat
1 450 0 -184.839096 0 1 0 0 0 1 0 0 0 1 30374.dat
1 57 0 -62.8391 0 1 0 0 0 -1 0 0 0 -1 64727.dat
0 NOFILE
0 FILE DeerBody.ldr
0 DeerBody
0 Name: DeerBody
0 Author: 
1 6 0 -66.199997 -12.4762 1 0 0 0 1 0 0 0 1 99207.dat
1 6 -10 -66.199997 17.5238 0 0 -1 0 1 0 1 0 0 18677.dat
1 6 10 -66.199997 17.5238 0 0 -1 0 1 0 1 0 0 18677.dat
1 6 0 -74.199997 -2.4762 1 0 0 0 1 0 0 0 1 3022.dat
0 STEP
1 6 0 -74.199997 27.5238 -1 0 0 0 1 0 0 0 -1 88072.dat
1 6 0 -82.199997 -12.4762 1 0 0 0 1 0 0 0 1 3023.dat
0 STEP
1 6 10 -98.199997 7.5238 -1 0 0 0 1 0 0 0 -1 50950.dat
1 6 -10 -98.199997 7.5238 -1 0 0 0 1 0 0 0 -1 50950.dat
1 6 -10 -68.199997 -34.4762 1 0 0 0 0 -1 0 1 0 3614.dat
1 6 10 -68.199997 -34.4762 1 0 0 0 0 -1 0 1 0 3614.dat
0 STEP
1 6 0 -68.199997 -34.476101 1 0 0 0 0 -1 0 1 0 85984.dat
1 6 0 -84.674103 47.5238 1 0 0 0 1 0 0 0 1 85861.dat
1 15 0 -84.674103 47.5238 1 0 0 0 1 0 0 0 1 15470.dat
0 STEP
1 6 0 -88.199997 -50.4762 -1 0 0 0 0 1 0 1 0 3937.dat
1 6 20 -56.200001 27.5238 1 0 0 0 1 0 0 0 1 4274.dat
1 6 -20 -56.200001 27.5238 -1 0 0 0 1 0 0 0 -1 4274.dat
0 STEP
1 6 -2.15 -24.429199 -45.834099 0 1 0 -0.859027 0 0.511931 0.511931 0 0.859027 frontleg.ldr
1 6 13.7653 -19.9737 -24.6611 -0.368738 -0.929533 0 -0.912795 0.362099 0.188918 -0.175606 0.069661 -0.981993 frontleg.ldr
0 STEP
1 6 -28 -37.090302 21.6229 0 1 0 -0.955483 0 0.295046 0.295046 0 0.955483 63864.dat
1 6 28 -36.571301 31.3598 0 -1 0 -0.981434 0 0.1918 -0.1918 0 -0.981434 63864.dat
0 STEP
0 NOFILE
0 FILE frontleg.ldr
0 frontleg
0 Name: frontleg
0 Author: 
1 6 0 -11.85 0 1 0 0 0 1 0 0 0 1 14418.dat
1 6 0 -19.85 0 1 0 0 0 1 0 0 0 1 3069b.dat
0 NOFILE
0 FILE Tyrande.ldr
0 Tyrande
0 Name: Tyrande
0 Author: 
1 26 0.7986 -40.099998 6.1231 1 0 0 0 1 0 0 0 1 3815cm1.dat
1 26 0.7986 -72.099998 6.1231 1 0 0 0 1 0 0 0 1 973pm6.dat
1 26 0.7986 -96.099998 6.1231 1 0 0 0 1 0 0 0 1 3626bp09.dat
1 3 0.7986 -96.099998 6.1231 1 0 0 0 1 0 0 0 1 62696.dat
1 135 -14.636 -62.864498 6.1231 0.985462 -0.145347 0.087966 0.169894 0.843083 -0.510243 0 0.51777 0.85552 3818.dat
1 135 16.223301 -62.919899 6.1231 0.983263 0.134257 0.123164 -0.182193 0.72456 0.664694 0 -0.676009 0.736894 3819.dat
1 26 22.4589 -56.711102 -14.0901 0.999969 -0.000166 -0.007844 -0.000166 0.999104 -0.042332 0.007844 0.042332 0.999073 3820.dat
1 26 -23.1605 -42.848099 7.8333 0.97803 0.127439 0.164977 0.127439 0.260795 -0.956946 -0.164977 0.956946 0.238825 3820.dat
0 STEP
1 183 -26.624599 -33.424801 -5.4232 0.971766 0.164369 -0.169276 -0.174109 0.015349 -0.984607 -0.159241 0.98628 0.043534 93231.dat
1 41 22.544399 -59.5644 -25.058399 0.999969 -0.002225 -0.007523 -0.000166 0.952706 -0.303894 0.007844 0.303886 0.952676 40232.dat
0 STEP
0 NOFILE
0 FILE MapTile1.ldr
0 MapTile1
0 Name: MapTile1
0 Author: 
1 16 10 -8 60 -0 0 -1 -0 1 0 1 0 -0 Shambler 1.ldr
1 16 -100 0 70 -1 -0 0 -0 1 -0 0 -0 -1 Shambler 2.ldr
1 16 -60 -8 -30 1 0 0 0 1 0 0 0 1 Shambler 3.ldr
1 2 0 0 0 1 0 0 0 1 0 0 0 1 91405.dat
1 15 -20 -48 150 1 0 0 0 1 0 0 0 1 33303.dat
1 15 -100 -48 150 1 0 0 0 1 0 0 0 1 33303.dat
1 15 -150 -48 100 -0 0 -1 -0 1 0 1 0 -0 33303.dat
1 15 -150 -48 20 -0 0 -1 -0 1 0 1 0 -0 33303.dat
1 15 -150 -24 150 1 0 0 0 1 0 0 0 1 3062b.dat
1 5 -150 -32 150 1 0 0 0 1 0 0 0 1 33291.dat
1 16 -110 -8 110 1 0 0 0 1 0 0 0 1 3024.dat
1 16 -70 -8 70 1 0 0 0 1 0 0 0 1 3024.dat
1 16 -130 -8 50 1 0 0 0 1 0 0 0 1 6141.dat
1 16 -70 -8 130 1 0 0 0 1 0 0 0 1 6141.dat
1 16 -110 -8 70 1 0 0 0 1 0 0 0 1 33291.dat
1 137 -50 0 110 1 0 0 0 1 0 0 0 1 15470.dat
1 16 -30 -8 130 1 0 0 0 1 0 0 0 1 20482.dat
1 137 10 -8 130 1 0 0 0 1 0 0 0 1 98138.dat
1 137 -30 -24 130 1 0 0 0 1 0 0 0 1 85861.dat
1 137 -130 -8 50 1 0 0 0 1 0 0 0 1 15470.dat
1 137 -110 -16 70 1 0 0 0 1 0 0 0 1 98138.dat
1 137 -70 -16 130 1 0 0 0 1 0 0 0 1 98138.dat
1 137 -110 -8 110 1 0 0 0 1 0 0 0 1 54200.dat
1 137 -70 -8 70 -0 0 -1 -0 1 0 1 0 -0 54200.dat
1 137 -110 0 10 -0 0 -1 -0 1 0 1 0 -0 54200.dat
1 137 -150 0 -30 -0 0 -1 -0 1 0 1 0 -0 54200.dat
1 288 -20 -8 -100 1 0 0 0 1 0 0 0 1 6064.dat
1 288 100 -16 20 1 0 0 0 1 0 0 0 1 6064.dat
1 6 -40 -8 40 -1 -0 0 -0 1 -0 0 -0 -1 30565.dat
1 6 -40 -8 -20 -0 0 1 -0 1 0 -1 -0 -0 41770.dat
1 6 20 -8 40 1 0 0 0 1 0 0 0 1 41770.dat
1 16 20 -8 -20 1 0 0 0 1 0 0 0 1 big bush.ldr
1 288 80 -8 -80 1 0 0 0 1 0 0 0 1 41539.dat
1 10 -20 -8 -100 1 0 0 0 1 0 0 0 1 4032a.dat
1 6 100 -8 20 1 0 0 0 1 0 0 0 1 4032a.dat
1 288 100 -16 20 1 0 0 0 1 0 0 0 1 4032a.dat
1 2 140 0 30 -1 -0 0 -0 1 -0 0 -0 -1 85984.dat
1 288 -30 0 -150 1 0 0 0 1 0 0 0 1 54200.dat
1 288 150 -16 -80 -0 0 -1 -0 1 0 1 0 -0 3460.dat
1 15 150 -64 -20 -0 0 -1 -0 1 0 1 0 -0 33303.dat
1 15 150 -64 -100 -0 0 -1.000001 -0 1 0 1.000001 0 -0 33303.dat
1 288 130 -8 -10 -0 0 1 -0 1 0 -1 -0 -0 54200.dat
1 288 80 -16 -100 1 0 0 0 1 0 0 0 1 3778.dat
1 2 90 0 150 -0 0 -1 -0 1 0 1 0 -0 15279.dat
1 16 -150 0 -110 -0 0 -1 -0 1 0 1 0 -0 BigFlower.ldr
1 16 30 0 150 1 0 0 0 1 0 0 0 1 Tentacle Plant.ldr
1 16 -150 0 -50 1 0 0 0 1 0 0 0 1 Small Flower.ldr
1 288 -10 -8 -150 1 0 0 0 1 0 0 0 1 3024.dat
1 288 140 -8 10 1 0 0 0 1 0 0 0 1 3023.dat
1 288 140 -16 10 1 0 0 0 1 0 0 0 1 3023.dat
1 15 20 -56 -150 -1 -0 0 -0 1 -0 0 -0 -1 33303.dat
1 15 100 -56 -150 -1.000001 -0 0 -0 1 -0 0 -0 -1.000001 33303.dat
1 15 150 -40 -150 1 0 0 0 1 0 0 0 1 3062b.dat
1 5 150 -48 -150 1 0 0 0 1 0 0 0 1 33291.dat
0 NOFILE
0 FILE Shambler 1.ldr
0 Shambler 1
0 Name: Shambler 1
0 Author: 
1 288 -0.4193 -8.1 21.720699 1 0 0 0 1 0 0 0 1 30376.dat
1 288 -0.5572 -46.099998 21.720699 -1 0 0 0 1 0 0 0 -1 30375.dat
1 288 -16.057199 -78.099998 21.720699 1 0 0 0 0.826744 0.562578 0 -0.562578 0.826744 93061.dat
1 288 14.9428 -78.099998 21.720699 0 0 -1 0 1 0 1 0 0 48729.dat
0 STEP
1 85 -0.5572 -63.599998 -1.2793 0.619141 0 -0.785278 -0.78528 0 -0.619139 0 0.999997 0 3741.dat
1 26 22.500299 -72.759697 -31.0137 0.528517 0.423645 0.73566 -0.746731 -0.180209 0.640249 0.40381 -0.887722 0.221105 3742.dat
1 26 -15.4251 -75.322304 -18.9121 0.545192 -0.34088 0.765878 -0.837184 -0.268761 0.476331 0.043466 -0.900872 -0.431905 3742.dat
1 26 -3.8689 -41.336899 -26.3965 0.438312 -0.070695 0.896039 -0.793014 0.438849 0.42254 -0.423097 -0.895776 0.13629 3742.dat
1 26 -0.5572 -63.599998 -9.2793 1 0 0.000001 0.000001 0 -1 0 1 0 98138p07.dat
0 STEP
1 6 -16.057199 -45.496201 -6.4235 1 0 0 0 0.998725 -0.050479 0 0.050479 0.998725 4496.dat
0 STEP
0 NOFILE
0 FILE Shambler 2.ldr
0 Shambler 2
0 Name: Shambler 2
0 Author: 
1 288 -0.4193 -8.1 21.720699 1 0 0 0 1 0 0 0 1 30376.dat
1 288 -0.5572 -46.099998 21.720699 -1 0 0 0 1 0 0 0 -1 30375.dat
1 288 -16.057199 -78.099998 21.720699 1 0 0 0 0.951972 0.306185 0 -0.306185 0.951972 93061.dat
1 288 14.9428 -78.099998 21.720699 0 0 -1 0 1 0 1 0 0 48729.dat
0 STEP
1 85 -0.5572 -63.599998 -1.2793 0.356356 0 -0.934348 -0.93435 0 -0.356355 0 0.999997 0 3741.dat
1 26 18.7124 -79.227898 -31.0137 0.281381 0.35049 0.893298 -0.870495 -0.298508 0.39132 0.40381 -0.887722 0.221105 3742.dat
1 26 -18.247499 -70.346901 -18.9121 0.270281 -0.405589 0.873183 -0.9618 -0.15469 0.225859 0.043466 -0.900872 -0.431905 3742.dat
1 26 2.9312 -41.363899 -26.3965 0.18147 0.063596 0.981339 -0.887726 0.439934 0.13565 -0.423097 -0.895776 0.13629 3742.dat
1 26 -0.7384 -64.1791 -9.3098 -1 0 0 0 0 1 0 1 0 98138p0b.dat
0 STEP
1 308 -16.057199 -58.472698 -24.122801 1 0 0 0 0.943811 -0.330486 0 0.330486 0.943811 3899.dat
0 STEP
0 NOFILE
0 FILE Shambler 3.ldr
0 Shambler 3
0 Name: Shambler 3
0 Author: 
1 288 -0.4193 -8.1 21.720699 1 0 0 0 1 0 0 0 1 30376.dat
1 288 -0.5572 -46.099998 21.720699 -1 0 0 0 1 0 0 0 -1 30375.dat
1 288 -16.057199 -78.099998 21.720699 1 0 0 0 0.207675 -0.978198 0 0.978198 0.207675 93061.dat
1 288 14.9428 -78.099998 21.720699 0 0 -1 0 1 0 1 0 0 48729.dat
0 STEP
1 85 -0.5572 -63.599998 -1.2793 0.619141 0 -0.785278 -0.78528 0 -0.619139 0 0.999997 0 3741.dat
1 26 22.500299 -72.759697 -31.0137 0.528517 0.423645 0.73566 -0.746731 -0.180209 0.640249 0.40381 -0.887722 0.221105 3742.dat
1 26 -15.4251 -75.322304 -18.9121 0.545192 -0.34088 0.765878 -0.837184 -0.268761 0.476331 0.043466 -0.900872 -0.431905 3742.dat
1 26 -3.8689 -41.336899 -26.3965 0.438312 -0.070695 0.896039 -0.793014 0.438849 0.42254 -0.423097 -0.895776 0.13629 3742.dat
1 26 0 -64 -10 1 0 0 0 0 -1 0 1 0 98138p0c.dat
0 STEP
1 135 -16.057199 -44.899601 21.0126 1 0 0 0 -0.424857 -0.905261 0 0.905261 -0.424857 3837.dat
0 STEP
0 NOFILE
0 FILE big bush.ldr
0 big bush
0 Name: big bush
0 Author: 
1 288 0 -0.1 0 1 0 0 0 1 0 0 0 1 6065.dat
1 10 0 -24.1 0 1 0 0 0 1 0 0 0 1 6064.dat
0 NOFILE
0 FILE BigFlower.ldr
0 BigFlower
0 Name: BigFlower
0 Author: 
1 10 -0.384 -16.1 -0.0507 -0.515496 0 -0.856892 0 1 0 0.856892 0 -0.515496 6255.dat
0 STEP
1 10 -0.6203 -32.099998 -0.0925 0 0 -1 0 1 0 1 0 0 3741.dat
1 85 11.1196 -59.040501 20.106001 0.974102 -0.221106 -0.047298 0.221106 0.887722 0.40381 -0.047298 -0.40381 0.91362 3742.dat
1 85 -20.142799 -50.9585 -0.0925 0.896344 0.434086 -0.090206 -0.431905 0.900871 0.043466 0.100132 0 0.994974 3742.dat
1 85 10.6478 -57.567402 -19.7777 0.975345 -0.216194 0.044292 0.216194 0.895776 -0.38839 0.044292 0.38839 0.92043 3742.dat
0 STEP
1 85 -0.6203 -40.099998 -0.0925 1 0 0 0 1 0 0 0 1 33291.dat
0 STEP
0 NOFILE
0 FILE Tentacle Plant.ldr
0 Tentacle Plant
0 Name: Tentacle Plant
0 Author: 
1 288 0.1163 -24.200001 0.0395 0.76588 0 -0.642983 0 1 0 0.642983 0 0.76588 30176.dat
1 2 -0.1163 -24.200001 -0.0395 0.935666 0 -0.352887 0 1 0 0.352887 0 0.935666 55236.dat
0 NOFILE
0 FILE Small Flower.ldr
0 Small Flower
0 Name: Small Flower
0 Author: 
1 288 -0.1163 -24.200001 -0.0395 -0.76588 0 0.642983 0 1 0 -0.642983 0 -0.765881 30176.dat
1 320 0.1163 -32.200001 0.0396 1 0 0 0 1 0 0 0 1 33291.dat
0 NOFILE
0 FILE TowerBottom.ldr
0 
0 Name: TowerBottom.ldr
0 Author: 
1 71 -0.000015 -24.1003 0 1 0 0 0 1 0 0 0 1 87081.dat
1 71 9.999985 -48.1003 -10 1 0 0 0 1 0 0 0 1 3063b.dat
1 16 9.999985 -48.1003 10.00003 0 0 -1 0 1 0 1 0 0 3063b.dat
1 71 -10.00002 -48.1003 10 -1 0 0 0 1 0 0 0 -1 3063b.dat
1 71 -9.999954 -48.1003 -9.999741 0 0 1 0 1 0 -1 0 0 3063b.dat
1 71 -0.000015 -56.1003 0 1 0 0 0 1 0 0 0 1 11833.dat
1 71 -10.00018 -80.100304 -9.999969 0 0 1 0 1 0 -1 0 0 3063b.dat
1 16 10 -80.100304 -9.999954 1 0 0 0 1 0 0 0 1 3063b.dat
1 71 9.999985 -80.100304 9.999969 0 0 -1 0 1 0 1 0 0 3063b.dat
1 71 -9.999924 -80.100304 9.999908 -1 0 0 0 1 0 0 0 -1 3063b.dat
1 72 -0.000015 -88.100304 -0.000031 1 0 0 0 1 0 0 0 1 60474.dat
1 71 -0.000015 -96.100304 -0.000031 1 0 0 0 1 0 0 0 1 3680.dat
1 16 -10.00002 -96.100304 -30.000031 1 0 0 0 1 0 0 0 1 98138.dat
1 71 9.999985 -96.100304 -30.000031 1 0 0 0 1 0 0 0 1 98138.dat
1 71 -10.00001 -96.100304 29.999969 1 0 0 0 1 0 0 0 1 98138.dat
1 16 9.999987 -96.100304 29.999969 1 0 0 0 1 0 0 0 1 98138.dat
1 71 -30.000031 -96.100304 -10.00003 0 0 -1 0 1 0 1 0 0 98138.dat
1 16 -30.000019 -96.100304 9.99998 0 0 -1 0 1 0 1 0 0 98138.dat
1 16 29.999981 -96.100304 -10.00003 0 0 -1 0 1 0 1 0 0 98138.dat
1 16 29.999981 -96.100304 9.999968 0 0 -1 0 1 0 1 0 0 98138.dat
0 NOFILE
0 FILE TowerTop.ldr
0 
0 Name: TowerTop.ldr
0 Author: 
1 0 0 -8.099998 0 1 0 0 0 1 0 0 0 1 3679.dat
1 71 0 -16.1 0 1 0 0 0 1 0 0 0 1 60474.dat
1 71 29.999981 -24.1 -0.000007 -0 0 -1 -0 1 0 1 0 -0 44728.dat
1 16 51.999969 -4.099996 0 -0 -1 0 -0 -0 -1 1 -0 0 4859.dat
1 72 75.999977 -4.099997 0 -0 -1 0 1 -0 0 0 0 1 98100.dat
1 57 83.999733 -4.099998 0 -0 -1 0 1 -0 0 0 0 1 98138.dat
1 71 0 -24.1 -30 1 0 0 0 1 0 0 0 1 3023.dat
1 71 0 -24.1 30 1 0 0 0 1 0 0 0 1 3023.dat
1 16 -30.000019 -24.1 -0.000004 -0 0 -1 -0 1 0 1 0 -0 3023.dat
1 72 0 -32.099998 0 1 0 0 0 1 0 0 0 1 11833.dat
1 72 0 -32.099998 30 1 0 0 0 1 0 0 0 1 85984.dat
1 72 0 -32.099998 -30 -1 -0 0 -0 1 -0 0 -0 -1 85984.dat
1 72 -30.00001 -32.099998 0.000012 -0 0 -1 -0 1 0 1 0 -0 85984.dat
1 72 29.99999 -32.099998 0.000001 -0 0 1 -0 1 0 -1 -0 -0 85984.dat
1 72 0 -24.1 0 1 0 0 0 1 0 0 0 1 4150.dat
0 NOFILE
0 FILE BlueMinionWave.ldr
0 BlueMinionWave
0 Name: BlueMinionWave
0 Author: 
1 16 40 -0 30 1 0 0 0 1 0 0 0 1 BlueFootman.ldr
1 16 40 -0 -10 1 0 0 0 1 0 0 0 1 BlueFootman.ldr
1 16 40 -0 -50 1 0 0 0 1 0 0 0 1 BlueFootman.ldr
1 16 0 -0 10 1 0 0 0 1 0 0 0 1 BlueWizard.ldr
1 16 -40 -0 -30 1 0 0 0 1 0 0 0 1 BlueArcher.ldr
1 16 -60 -0 10 1 0 0 0 1 0 0 0 1 BlueArcher.ldr
1 16 -40 -0 50 1 0 0 0 1 0 0 0 1 BlueArcher.ldr
0 NOFILE
0 FILE BlueFootman.ldr
0 BlueFootman
0 Name: BlueFootman
0 Author: 
1 73 0 -48 0 -0 0 -1 -0 1 0 1 0 -0 85863.dat
1 135 0 -48 0 1 0 0 0 1 0 0 0 1 15470.dat
0 NOFILE
0 FILE BlueWizard.ldr
0 BlueWizard
0 Name: BlueWizard
0 Author: 
1 73 0 -48 0 -0 0 -1 -0 1 0 1 0 -0 85863.dat
1 272 0 -56 0 1 0 0 0 1 0 0 0 1 20482.dat
0 NOFILE
0 FILE BlueArcher.ldr
0 BlueArcher
0 Name: BlueArcher
0 Author: 
1 73 0 -48.099998 0 0 0 -1 0 1 0 1 0 0 85863.dat
1 6 0 -56.099998 0 1 0 0 0 1 0 0 0 1 98138.dat
0 NOFILE
0 FILE RedMinionWave.ldr
0 RedMinionWave
0 Name: RedMinionWave
0 Author: 
1 16 -40 -0 50 -1 -0 0 -0 1 -0 0 -0 -1 RedFootman.ldr
1 16 -40 -0 10 -1 -0 0 -0 1 -0 0 -0 -1 RedFootman.ldr
1 16 -40 -0 -30 -1 -0 0 -0 1 -0 0 -0 -1 RedFootman.ldr
1 16 -0 -0 -10 -1 -0 0 -0 1 -0 0 -0 -1 RedWizard.ldr
1 16 40 -0 -50 -1 -0 0 -0 1 -0 0 -0 -1 RedArcher.ldr
1 16 60 -0 -10 -1 -0 0 -0 1 -0 0 -0 -1 RedArcher.ldr
1 16 40 -0 30 -1 -0 0 -0 1 -0 0 -0 -1 RedArcher.ldr
0 NOFILE
0 FILE RedFootman.ldr
0 RedFootman
0 Name: RedFootman
0 Author: 
1 335 0 -48 0 -0 0 -1 -0 1 0 1 0 -0 85863.dat
1 135 0 -48 0 1 0 0 0 1 0 0 0 1 15470.dat
0 NOFILE
0 FILE RedWizard.ldr
0 RedWizard
0 Name: RedWizard
0 Author: 
1 335 0 -48 0 -0 0 -1 -0 1 0 1 0 -0 85863.dat
1 320 0 -56 0 1 0 0 0 1 0 0 0 1 20482.dat
0 NOFILE
0 FILE RedArcher.ldr
0 RedArcher
0 Name: RedArcher
0 Author: 
1 335 0 -48 0 -0 0 -1 -0 1 0 1 0 -0 85863.dat
1 6 0 -56 0 1 0 0 0 1 0 0 0 1 98138.dat
0 NOFILE
0 FILE GateMidDirt.ldr
0 GateMidDirt
0 Name: GateMidDirt
0 Author: 
1 6 0 -8.1 60 1 0 0 0 1 0 0 0 1 87580.dat
1 6 0 -8.1 0 1 0 0 0 1 0 0 0 1 87580.dat
1 6 0 -8.1 -60 1 0 0 0 1 0 0 0 1 87580.dat
1 6 0 -8.1 -30 1 0 0 0 1 0 0 0 1 3069b.dat
1 6 0 -8.1 30 1 0 0 0 1 0 0 0 1 3069b.dat
0 NOFILE
0 FILE GateSpike.ldr
0 
0 Name: GateSpike.ldr
0 Author: 
1 16 0.000061 -68.890198 0 0 1 0 -1 0 0 0 0 1 4274.dat
1 16 0 -92.89019 0 1 0 0 0 1 0 0 0 1 4589.dat
0 STEP
1 16 0 -80.099998 0 1 0 0 0 1 0 0 0 1 30374.dat
0 STEP
0 NOFILE
0 FILE GateBase.ldr
0 
0 Name: GateBase.ldr
0 Author: 
1 16 0 -10.1 0 0 1 0 0 0 1 1 0 0 4070.dat
1 16 0 -10.1 0 0 1 0 0 0 1 1 0 0 54200.dat
0 NOFILE
0 FILE GateShield.ldr
0 
0 Name: GateShield.ldr
0 Author: 
1 16 -17 -32.470001 0 0 0 1 0 1 0 -1 0 0 3846.dat
1 16 16.999941 -32.470001 0 0 -1 0 0 0 1 -1 0 0 11090.dat
0 NOFILE
0 FILE MapTileLanes.ldr
0 The adjacent lane
0 Name: MapTileLanes.ldr
0 Author: Thomas Dickerson
1 28 0 0 0 1 0 0 0 1 0 0 0 1 92438.dat
1 28 320 0 0 1 0 0 0 1 0 0 0 1 92438.dat
1 28 640 0 0 1 0 0 0 1 0 0 0 1 92438.dat
1 2 200 0 120 1 0 0 0 1 0 0 0 1 3029.dat
1 2 440 0 120 1 0 0 0 1 0 0 0 1 3029.dat
1 2 -40 0 120 1 0 0 0 1 0 0 0 1 3029.dat
1 2 680 0 120 1 0 0 0 1 0 0 0 1 3029.dat
1 2 200 0 -120 1 0 0 0 1 0 0 0 1 3029.dat
1 2 440 0 -120 1 0 0 0 1 0 0 0 1 3029.dat
1 2 -40 0 -120 1 0 0 0 1 0 0 0 1 3029.dat
1 2 680 0 -120 1 0 0 0 1 0 0 0 1 3029.dat
1 272 -120 0 120 1 0 0 0 1 0 0 0 1 TowerBottom.ldr
1 272 -120 0 -120 1 0 0 0 1 0 0 0 1 TowerBottom.ldr
1 272 -120 -80 120 1 0 0 0 1 0 0 0 1 TowerTop.ldr
1 272 -120 -80 -120 1 0 0 0 1 0 0 0 1 TowerTop.ldr
1 16 130 -8 0 1 0 0 0 1 0 0 0 1 BlueMinionWave.ldr
1 16 250 -8 0 1 0 0 0 1 0 0 0 1 RedMinionWave.ldr
1 16 760 0 0 1 0 0 0 1 0 0 0 1 GateMidDirt.ldr
1 16 -120 0 0 1 0 0 0 1 0 0 0 1 GateMidDirt.ldr
1 36 760 -8 60 1 0 0 0 1 0 0 0 1 GateSpike.ldr
1 36 760 -8 -60 1 0 0 0 1 0 0 0 1 GateSpike.ldr
1 36 760 -64 0 1 0 0 0 1 0 0 0 1 32524.dat
1 36 750 -8 60 1 0 0 0 1 0 0 0 1 GateBase.ldr
1 36 750 -8 0 1 0 0 0 1 0 0 0 1 GateBase.ldr
1 36 750 -8 -60 1 0 0 0 1 0 0 0 1 GateBase.ldr
1 36 760 -8 0 1 0 0 0 1 0 0 0 1 GateSpike.ldr
1 36 743 -16 0 1 0 0 0 1 0 0 0 1 GateShield.ldr
1 16 -120 -8 -60 -1 -0 0 -0 1 -0 0 -0 -1 GateSpikeBlue.ldr
1 41 -120 -64 0 -1 -0 0 -0 1 -0 0 -0 -1 32524.dat
1 16 -110 -8 -60 -1 -0 0 -0 1 -0 0 -0 -1 GateBaseAssemblyBlue.ldr
1 16 -100 -24 0 -1 -0 0 -0 1 -0 0 -0 -1 ShieldAssemblyBlue.ldr
1 16 -120 -8 0 -1 -0 0 -0 1 -0 0 -0 -1 GateSpikeBlue.ldr
1 16 -110 -8 0 -1 -0 0 -0 1 -0 0 -0 -1 GateBaseAssemblyBlue.ldr
1 16 -120 -8 60 -1 -0 0 -0 1 -0 0 -0 -1 GateSpikeBlue.ldr
1 16 -110 -8 60 -1 -0 0 -0 1 -0 0 -0 -1 GateBaseAssemblyBlue.ldr
1 72 -70 -8 90 1 0 0 0 1 0 -0 0 1 98138.dat
1 72 -30 -8 110 1 0 0 0 1 0 -0 0 1 98138.dat
1 72 -50 -8 110 1 0 0 0 1 0 -0 0 1 98138.dat
1 72 30 -8 130 1 0 0 0 1 0 -0 0 1 98138.dat
1 72 10 -8 130 1 0 0 0 1 0 -0 0 1 98138.dat
1 72 50 -8 110 1 0 0 0 1 0 -0 0 1 98138.dat
1 72 -10 -8 130 1 0 0 0 1 0 -0 0 1 98138.dat
1 72 80 -8 80 1 0 0 0 1 0 -0 0 1 14769.dat
1 72 -60 -8 -80 1 0 0 0 1 0 -0 0 1 14769.dat
1 72 -70 -8 -110 1 0 0 0 1 0 -0 0 1 98138.dat
1 72 -30 -8 -110 1 0 0 0 1 0 -0 0 1 98138.dat
1 72 30 -8 -130 1 0 0 0 1 0 -0 0 1 98138.dat
1 72 10 -8 -130 1 0 0 0 1 0 -0 0 1 98138.dat
1 72 -10 -8 -110 1 0 0 0 1 0 -0 0 1 98138.dat
1 72 50 -8 -110 1 0 0 0 1 0 -0 0 1 98138.dat
1 72 110 -8 70 1 0 0 0 1 0 -0 0 1 98138.dat
1 72 130 -8 50 1 0 0 0 1 0 -0 0 1 98138.dat
1 72 160 -8 80 1 0 0 0 1 0 -0 0 1 14769.dat
1 72 150 -8 -70 1 0 0 0 1 0 -0 0 1 98138.dat
1 72 70 -8 -90 1 0 0 0 1 0 -0 0 1 98138.dat
1 72 90 -8 -90 1 0 0 0 1 0 -0 0 1 98138.dat
1 72 110 -8 -90 1 0 0 0 1 0 -0 0 1 98138.dat
1 72 130 -8 -90 1 0 0 0 1 0 -0 0 1 98138.dat
1 72 330 -8 50 1 0 0 0 1 0 -0 0 1 98138.dat
1 72 210 -8 -90 1 0 0 0 1 0 -0 0 1 98138.dat
1 72 710 -8 -110 -1 -0 0 -0 1 -0 0 -0 -1 98138.dat
1 72 670 -8 -130 -1 -0 0 -0 1 -0 0 -0 -1 98138.dat
1 72 690 -8 -130 -1 -0 0 -0 1 -0 0 -0 -1 98138.dat
1 72 610 -8 -150 -1 -0 0 -0 1 -0 0 -0 -1 98138.dat
1 72 630 -8 -150 -1 -0 0 -0 1 -0 0 -0 -1 98138.dat
1 72 590 -8 -130 -1 -0 0 -0 1 -0 0 -0 -1 98138.dat
1 72 650 -8 -150 -1 -0 0 -0 1 -0 0 -0 -1 98138.dat
1 72 560 -8 -100 -1 -0 0 -0 1 -0 0 -0 -1 14769.dat
1 72 700 -8 60 -1 -0 0 -0 1 -0 0 -0 -1 14769.dat
1 72 710 -8 90 -1 -0 0 -0 1 -0 0 -0 -1 98138.dat
1 72 670 -8 90 -1 -0 0 -0 1 -0 0 -0 -1 98138.dat
1 72 610 -8 110 -1 -0 0 -0 1 -0 0 -0 -1 98138.dat
1 72 630 -8 110 -1 -0 0 -0 1 -0 0 -0 -1 98138.dat
1 72 650 -8 90 -1 -0 0 -0 1 -0 0 -0 -1 98138.dat
1 72 590 -8 90 -1 -0 0 -0 1 -0 0 -0 -1 98138.dat
1 72 530 -8 -90 -1 -0 0 -0 1 -0 0 -0 -1 98138.dat
1 72 510 -8 -70 -1 -0 0 -0 1 -0 0 -0 -1 98138.dat
1 72 480 -8 -100 -1 -0 0 -0 1 -0 0 -0 -1 14769.dat
1 72 490 -8 50 -1 -0 0 -0 1 -0 0 -0 -1 98138.dat
1 72 570 -8 70 -1 -0 0 -0 1 -0 0 -0 -1 98138.dat
1 72 550 -8 70 -1 -0 0 -0 1 -0 0 -0 -1 98138.dat
1 72 530 -8 70 -1 -0 0 -0 1 -0 0 -0 -1 98138.dat
1 72 510 -8 70 -1 -0 0 -0 1 -0 0 -0 -1 98138.dat
1 72 470 -8 50 -1 -0 0 -0 1 -0 0 -0 -1 98138.dat
1 72 450 -8 70 -1 -0 0 -0 1 -0 0 -0 -1 98138.dat
1 72 430 -8 70 -1 -0 0 -0 1 -0 0 -0 -1 98138.dat
1 72 440 -8 -80 -1 -0 0 -0 1 -0 0 -0 -1 14769.dat
1 72 400 -8 80 -1 -0 0 -0 1 -0 0 -0 -1 14769.dat
1 72 270 -8 90 1 0 0 0 1 0 -0 0 1 98138.dat
1 72 370 -8 70 1 0 0 0 1 0 -0 0 1 98138.dat
1 72 200 -8 80 -1 -0 0 -0 1 -0 0 -0 -1 14769.dat
1 72 240 -8 100 -1 -0 0 -0 1 -0 0 -0 -1 14769.dat
1 72 290 -8 70 1 0 0 0 1 0 -0 0 1 98138.dat
1 72 170 -8 -70 1 0 0 0 1 0 -0 0 1 98138.dat
1 72 190 -8 -70 1 0 0 0 1 0 -0 0 1 98138.dat
1 72 350 -8 70 1 0 0 0 1 0 -0 0 1 98138.dat
1 72 400 -8 -80 -1 -0 0 -0 1 -0 0 -0 -1 14769.dat
1 72 320 -8 -80 -1 -0 0 -0 1 -0 0 -0 -1 14769.dat
1 72 290 -8 -70 -1 -0 0 -0 1 -0 0 -0 -1 98138.dat
1 72 270 -8 -90 -1 -0 0 -0 1 -0 0 -0 -1 98138.dat
1 72 240 -8 -100 -1 -0 0 -0 1 -0 0 -0 -1 14769.dat
1 72 360 -8 -80 -1 -0 0 -0 1 -0 0 -0 -1 14769.dat
1 71 -20 -8 0 -1 -0 0 -0 1 -0 0 -0 -1 87079.dat
1 71 -60 -8 40 -1 -0 0 -0 1 -0 0 -0 -1 87079.dat
1 71 -60 -8 -40 -1 -0 0 -0 1 -0 0 -0 -1 87079.dat
1 71 660 -8 0 -1 -0 0 -0 1 -0 0 -0 -1 87079.dat
1 71 700 -8 -40 -1 -0 0 -0 1 -0 0 -0 -1 87079.dat
1 71 60 -8 0 -1 -0 0 -0 1 -0 0 -0 -1 87079.dat
1 71 40 -8 40 -1 -0 0 -0 1 -0 0 -0 -1 87079.dat
1 71 20 -8 -40 -1 -0 0 -0 1 -0 0 -0 -1 87079.dat
1 71 580 -8 0 -1 -0 0 -0 1 -0 0 -0 -1 87079.dat
1 71 620 -8 40 -1 -0 0 -0 1 -0 0 -0 -1 87079.dat
1 71 620 -8 -40 -1 -0 0 -0 1 -0 0 -0 -1 87079.dat
1 71 140 -8 0 -1 -0 0 -0 1 -0 0 -0 -1 87079.dat
1 71 -20 -8 80 -1 -0 0 -0 1 -0 0 -0 -1 87079.dat
1 71 100 -8 -40 -1 -0 0 -0 1 -0 0 -0 -1 87079.dat
1 71 500 -8 0 -1 -0 0 -0 1 -0 0 -0 -1 87079.dat
1 71 540 -8 40 -1 -0 0 -0 1 -0 0 -0 -1 87079.dat
1 71 540 -8 -40 -1 -0 0 -0 1 -0 0 -0 -1 87079.dat
1 71 420 -8 0 -1 -0 0 -0 1 -0 0 -0 -1 87079.dat
1 71 620 -8 -100 0 -0 -1 -0 1 -0 1 0 0 87079.dat
1 71 460 -8 -40 -1 -0 0 -0 1 -0 0 -0 -1 87079.dat
1 71 220 -8 0 -1 -0 0 -0 1 -0 0 -0 -1 87079.dat
1 71 180 -8 40 -1 -0 0 -0 1 -0 0 -0 -1 87079.dat
1 71 180 -8 -40 -1 -0 0 -0 1 -0 0 -0 -1 87079.dat
1 71 300 -8 0 -1 -0 0 -0 1 -0 0 -0 -1 87079.dat
1 71 260 -8 40 -1 -0 0 -0 1 -0 0 -0 -1 87079.dat
1 71 260 -8 -40 -1 -0 0 -0 1 -0 0 -0 -1 87079.dat
1 71 360 -8 0 -1 -0 0 -0 1 -0 0 -0 -1 15535.dat
1 71 360 -8 -40 -1 -0 0 -0 1 -0 0 -0 -1 87079.dat
1 71 380 -8 40 -1 -0 0 -0 1 -0 0 -0 -1 87079.dat
1 71 680 -8 -80 -1 -0 0 -0 1 -0 0 -0 -1 87079.dat
1 71 440 -8 40 -0 -0 -1 -0 1 -0 1 -0 -0 14769.dat
1 71 -20 -8 -80 -0 -0 -1 -0 1 -0 1 -0 -0 14769.dat
1 71 40 -8 80 -0 -0 -1 -0 1 -0 1 -0 -0 14769.dat
1 71 720 -8 20 -0 -0 -1 -0 1 -0 1 -0 -0 3068b.dat
1 71 -80 -8 0 -0 -0 -1 -0 1 -0 1 -0 -0 3068b.dat
1 71 310 -8 -40 -0 -0 -1 -0 1 -0 1 -0 -0 2412b.dat
1 71 410 -8 -40 -0 -0 -1 -0 1 -0 1 -0 -0 2412b.dat
1 71 730 -8 60 -0 -0 -1 -0 1 -0 1 -0 -0 2412b.dat
1 71 480 -8 30 1 -0 -0 0 1 -0 0 0 1 2412b.dat
1 71 220 -8 -70 1 -0 -0 0 1 -0 0 0 1 2412b.dat
1 71 80 -8 -70 1 -0 -0 0 1 -0 0 0 1 2431.dat
1 71 620 -8 70 1 -0 -0 0 1 -0 0 0 1 2431.dat
1 71 550 -8 -70 1 -0 -0 0 1 -0 0 0 1 63864.dat
1 71 590 -8 -90 0 0 1 0 1 -0 -1 0 0 63864.dat
1 71 670 -8 50 0 0 1 0 1 -0 -1 0 0 63864.dat
1 71 10 -8 110 1 -0 -0 0 1 -0 0 0 1 63864.dat
1 71 -150 -8 -60 -0 -0 -1 -0 1 -0 1 -0 -0 2412b.dat
1 71 -150 -8 -20 -0 -0 -1 -0 1 -0 1 -0 -0 2412b.dat
1 71 -150 -8 20 -0 -0 -1 -0 1 -0 1 -0 -0 2412b.dat
1 71 -150 -8 60 -0 -0 -1 -0 1 -0 1 -0 -0 2412b.dat
1 71 790 -8 -60 -0 -0 -1 -0 1 -0 1 -0 -0 2412b.dat
1 71 790 -8 -20 -0 -0 -1 -0 1 -0 1 -0 -0 2412b.dat
1 71 790 -8 20 -0 -0 -1 -0 1 -0 1 -0 -0 2412b.dat
1 71 790 -8 60 -0 -0 -1 -0 1 -0 1 -0 -0 2412b.dat
1 71 650 -8 -120 -0 -0 -1 -0 1 -0 1 -0 -0 3069b.dat
1 71 720 -8 -10 1 -0 -0 0 1 -0 0 0 1 3069b.dat
1 71 -80 -8 70 1 -0 -0 0 1 -0 0 0 1 3069b.dat
1 71 480 -8 -70 1 -0 -0 0 1 -0 0 0 1 3069b.dat
1 71 260 -8 -70 1 -0 -0 0 1 -0 0 0 1 3069b.dat
1 71 -10 -8 40 -0 -0 -1 -0 1 -0 1 -0 -0 3069b.dat
1 71 310 -8 40 -0 -0 -1 -0 1 -0 1 -0 -0 3069b.dat
1 71 -90 -8 -70 -0 -0 -1 -0 1 -0 1 -0 -0 3070b.dat
1 71 130 -8 30 -0 -0 -1 -0 1 -0 1 -0 -0 3070b.dat
1 71 130 -8 -70 -0 -0 -1 0 1 -0 1 0 -0 3070b.dat
1 71 230 -8 70 -0 -0 -1 0 1 -0 1 0 -0 3070b.dat
1 71 690 -8 30 -0 -0 -1 0 1 -0 1 0 -0 3070b.dat
1 71 730 -8 -70 -0 -0 -1 0 1 -0 1 0 -0 3070b.dat
1 71 680 -8 -110 1 -0 -0 0 1 -0 0 0 1 3069b.dat
1 71 270 -8 70 -0 -0 -1 0 1 -0 1 0 -0 3070b.dat
1 71 250 0 70 -0 -0 -1 -0 1 -0 1 -0 -0 15470.dat
1 71 330 0 30 -0 -0 -1 -0 1 -0 1 -0 -0 15470.dat
1 71 50 0 -90 -0 -0 -1 -0 1 -0 1 -0 -0 15470.dat
1 71 620 -8 90 1 -0 -0 0 1 -0 0 0 1 3069b.dat
1 80 320 -16 120 1 -0 -0 0 1 -0 0 0 1 11833.dat
1 80 320 -24 120 1 -0 -0 0 1 -0 0 0 1 11833.dat
1 293 320 -24 120 -1 -0 0 -0 1 -0 0 -0 -1 15535.dat
1 212 320 -16 120 -1 -0 0 -0 1 -0 0 -0 -1 18674.dat
1 135 320 -8 120 1 -0 -0 0 1 -0 0 0 1 3031.dat
1 135 270 0 120 0 0 1 0 1 -0 -1 0 0 85984.dat
1 135 370 0 120 -0 -0 -1 0 1 -0 1 -0 -0 85984.dat
1 135 320 -24 150 1 -0 -0 0 1 -0 0 0 1 3496c01.dat
1 302 320 -24 120 1 -0 -0 0 1 -0 0 0 1 30153.dat
1 71 100 -8 40 -0 -0 -1 -0 1 -0 1 -0 -0 3068b.dat
1 71 20 -8 -90 -0 -0 -1 -0 1 -0 1 -0 -0 26603.dat
1 135 320 0 70 1 -0 -0 0 1 -0 0 0 1 85984.dat
1 450 200 -48 150 1 -0 -0 0 1 -0 0 0 1 33303.dat
1 450 120 -48 150 1 -0 -0 0 1 -0 0 0 1 33303.dat
1 450 40 -48 150 1 -0 -0 0 1 -0 0 0 1 33303.dat
1 450 -40 -48 150 1 -0 -0 0 1 -0 0 0 1 33303.dat
1 450 250 -8 150 1 -0 -0 0 1 -0 0 0 1 3024.dat
1 450 250 -8 150 -0 -0 -1 0 1 -0 1 -0 -0 54200.dat
1 450 440 -48 150 -1 0 0 0 1 -0 -0 -0 -1 33303.dat
1 450 520 -48 150 -1 0 0 0 1 -0 -0 -0 -1 33303.dat
1 450 600 -48 150 -1 0 0 0 1 -0 -0 -0 -1 33303.dat
1 450 680 -48 150 -1 0 0 0 1 -0 -0 -0 -1 33303.dat
1 450 390 -8 150 -1 0 0 0 1 -0 -0 -0 -1 3024.dat
1 450 390 -8 150 0 0 1 0 1 -0 -1 0 0 54200.dat
1 320 760 0 -120 -1 0 0 0 1 0 0 0 -1 TowerBottom.ldr
1 320 760 0 120 -1 0 0 0 1 0 0 0 -1 TowerBottom.ldr
1 320 760 -80 -120 -1 0 0 0 1 0 0 0 -1 TowerTop.ldr
1 320 760 -80 120 -1 0 0 0 1 0 0 0 -1 TowerTop.ldr
1 41 -120 -8 -60 -1 -0 0 -0 1 -0 0 -0 -1 GateSpike.ldr
1 41 -120 -8 60 -1 -0 0 -0 1 -0 0 -0 -1 GateSpike.ldr
1 41 -110 -8 -60 -1 -0 0 -0 1 -0 0 -0 -1 GateBase.ldr
1 41 -110 -8 0 -1 -0 0 -0 1 -0 0 -0 -1 GateBase.ldr
1 41 -110 -8 60 -1 -0 0 -0 1 -0 0 -0 -1 GateBase.ldr
1 41 -120 -8 0 -1 -0 0 -0 1 -0 0 -0 -1 GateSpike.ldr
1 41 -103 -16 0 -1 -0 0 -0 1 -0 0 -0 -1 GateShield.ldr
0 NOFILE
0 FILE MapTile2.ldr
0 A bit of green house and other greebling
0 Name: MapTile2.ldr
0 Author: Thomas Dickerson
1 16 0 0 0 1 0 0 0 1 0 -0 0 1 91405.dat
0 NOFILE
0 FILE Brightwing.ldr
0 Faerie Dragon
0 Name: Brightwing.ldr
0 Author: Thomas Dickerson
1 326 0 4 0 -1 0 0 -0 -1 0 0 0 1 26047.dat
1 326 0 0 -40 -1 0 0 0 1 0 0 0 -1 61252.dat
1 10 0 -24 -30 1 0 0 -0 1 -0 0 0 1 4595.dat
1 10 0 -14 -10 1 0 -0 0 0 1 0 -1 0 54200.dat
1 14 18 -14 -20 0 -1 0 -0.707107 -0 -0.707107 0.707107 -0 -0.707107 98138p07.dat
1 14 -18 -14 -20 -0 1 -0 -0 -0 -1 -1 -0 0 98138p07.dat
1 10 0 -32 -20 -1 -0 0 -0 1 -0 0 -0 -1 24246.dat
1 69 8 -14 -40 0 -1 0 -0.707107 -0 -0.707107 0.707107 -0 -0.707107 87693.dat
1 69 -8 -14 -40 -0 1 -0 0.707107 -0 -0.707107 -0.707107 -0 -0.707107 87693.dat
1 212 0 -28 -40 1 0 0 0 -0 -1 -0 1 -0 53451.dat
1 10 0 -14 -70 -1 -0 0 0 0 1 -0 1 -0 4697b.dat
1 10 0 -30 -100 -1 -0 0 -0 1 -0 0 -0 -1 3176.dat
1 10 0 -6 -100 -1 -0 0 -0 1 -0 0 -0 -1 3176.dat
1 10 0 2 -70 -1 -0 0 -0 1 -0 0 -0 -1 85861.dat
1 10 0 -30 -70 1 0 0 0 -1 0 0 -0 -1 85861.dat
1 10 10 -22 -90 0 -0 -1 -0 1 -0 1 0 0 26047.dat
1 10 -10 -22 -90 0 0 1 -0 1 -0 -1 -0 0 26047.dat
1 10 0 -14 -90 -1 0 -0 0 1 0 0 0 -1 3023.dat
0 NOFILE