0 FILE Lunara.io
0 Untitled Model
0 Name:  Lunara
0 Author:  
1 16 256.276000 0.000000 -71.622900 -0.581144 0.000000 0.813801 0.000000 1.000000 0.000000 -0.813801 0.000000 -0.581144 lunara
1 16 40.798600 -7.900002 -304.876900 -1.000000 0.000000 0.000000 0.000000 1.000000 0.000000 0.000000 0.000000 -1.000000 tyrande
0 STEP
1 16 112.815800 0.100000 -153.393400 1.000000 0.000000 0.000000 0.000000 1.000000 0.000000 0.000000 0.000000 1.000000 maptile1
1 16 487.184200 0.100000 -526.606600 -1.000000 0.000000 0.000000 0.000000 1.000000 0.000000 0.000000 0.000000 -1.000000 maptile1
1 15 300.168700 0.000000 -180.000000 1.000000 0.000000 0.000000 0.000000 1.000000 0.000000 0.000000 0.000000 1.000000 4186.dat
1 28 620.168700 -8.000000 140.000000 1.000000 0.000000 0.000000 0.000000 1.000000 0.000000 0.000000 0.000000 1.000000 92438.dat
1 28 300.168700 -8.000000 140.000000 1.000000 0.000000 0.000000 0.000000 1.000000 0.000000 0.000000 0.000000 1.000000 92438.dat
1 2 180.168700 -8.000000 260.000000 1.000000 0.000000 0.000000 0.000000 1.000000 0.000000 0.000000 0.000000 1.000000 3029.dat
1 2 420.168700 -8.000000 260.000000 1.000000 0.000000 0.000000 0.000000 1.000000 0.000000 0.000000 0.000000 1.000000 3029.dat
1 2 -59.831300 -8.000000 260.000000 1.000000 0.000000 0.000000 0.000000 1.000000 0.000000 0.000000 0.000000 1.000000 3029.dat
1 28 -19.831300 -8.000000 140.000000 1.000000 0.000000 0.000000 0.000000 1.000000 0.000000 0.000000 0.000000 1.000000 92438.dat
1 2 660.168700 -8.000000 260.000000 1.000000 0.000000 0.000000 0.000000 1.000000 0.000000 0.000000 0.000000 1.000000 3029.dat
1 2 180.168600 -8.000000 20.000000 1.000000 0.000000 0.000000 0.000000 1.000000 0.000000 0.000000 0.000000 1.000000 3029.dat
1 2 420.168500 -8.000000 20.000000 1.000000 0.000000 0.000000 0.000000 1.000000 0.000000 0.000000 0.000000 1.000000 3029.dat
1 2 -59.831420 -8.000000 20.000000 1.000000 0.000000 0.000000 0.000000 1.000000 0.000000 0.000000 0.000000 1.000000 3029.dat
1 2 660.168700 -8.000000 20.000000 1.000000 0.000000 0.000000 0.000000 1.000000 0.000000 0.000000 0.000000 1.000000 3029.dat
1 16 -139.831300 -7.899701 260.000000 1.000000 0.000000 0.000000 0.000000 1.000000 0.000000 0.000000 0.000000 1.000000 towerbottomblue
1 16 -139.831400 -7.899700 20.000000 1.000000 0.000000 0.000000 0.000000 1.000000 0.000000 0.000000 0.000000 1.000000 towerbottomblue
1 16 -139.831300 -87.900010 260.000000 1.000000 0.000000 0.000001 0.000000 1.000000 0.000000 -0.000001 0.000000 1.000000 towertopblue
1 16 -139.831400 -87.900000 19.999990 1.000000 0.000000 0.000001 0.000000 1.000000 0.000000 -0.000001 0.000000 1.000000 towertopblue
1 16 740.168700 -7.899696 20.000000 -1.000000 0.000000 0.000000 0.000000 1.000000 0.000000 0.000000 0.000000 -1.000000 towerbottomred
1 16 740.000000 -9.899700 260.000000 -1.000000 0.000000 0.000000 0.000000 1.000000 0.000000 0.000000 0.000000 -1.000000 towerbottomred
1 16 740.168700 -95.899990 20.000000 -1.000000 0.000000 -0.000001 0.000000 1.000000 0.000000 0.000001 0.000000 -1.000000 towertopred
1 16 740.000100 -97.899920 260.000000 -1.000000 0.000000 -0.000001 0.000000 1.000000 0.000000 0.000001 0.000000 -1.000000 towertopred
1 16 107.347300 -7.800003 141.464300 1.000000 0.000000 0.000000 0.000000 1.000000 0.000000 0.000000 0.000000 1.000000 blueminionwave
1 16 233.025800 -7.800003 138.571400 1.000000 0.000000 0.000000 0.000000 1.000000 0.000000 0.000000 0.000000 1.000000 redminionwave
0 STEP
1 16 740.168700 -7.900000 140.000000 1.000000 0.000000 0.000000 0.000000 1.000000 0.000000 0.000000 0.000000 1.000000 gatemiddirt
1 16 -139.831300 -7.900000 140.000000 1.000000 0.000000 0.000000 0.000000 1.000000 0.000000 0.000000 0.000000 1.000000 gatemiddirt
0 STEP
1 16 740.168700 -15.900000 200.000000 1.000000 0.000000 0.000000 0.000000 1.000000 0.000000 0.000000 0.000000 1.000000 gatespikered
1 16 740.168700 -15.900000 80.000000 1.000000 0.000000 0.000000 0.000000 1.000000 0.000000 0.000000 0.000000 1.000000 gatespikered
1 36 740.168800 -74.790200 140.000000 1.000000 0.000000 0.000000 0.000000 1.000000 0.000000 0.000000 0.000000 1.000000 32524.dat
1 16 730.168700 -15.900000 200.000000 1.000000 0.000000 0.000000 0.000000 1.000000 0.000000 0.000000 0.000000 1.000000 gatebaseassemblyred
1 16 730.168700 -15.900000 140.000000 1.000000 0.000000 0.000000 0.000000 1.000000 0.000000 0.000000 0.000000 1.000000 gatebaseassemblyred
1 16 730.168700 -15.146560 80.000000 1.000000 0.000000 0.000000 0.000000 1.000000 0.000000 0.000000 0.000000 1.000000 gatebaseassemblyred
1 16 740.168700 -15.900000 140.000000 1.000000 0.000000 0.000000 0.000000 1.000000 0.000000 0.000000 0.000000 1.000000 gatespikered
1 16 723.168700 -28.455860 140.000000 1.000000 0.000000 0.000000 0.000000 1.000000 0.000000 0.000000 0.000000 1.000000 shieldassemblyred
0 STEP
1 16 -139.831300 -15.900000 80.000000 -1.000000 0.000000 0.000000 0.000000 1.000000 0.000000 0.000000 0.000000 -1.000000 gatespikeblue
1 41 -139.831400 -74.790200 140.000100 -1.000000 0.000000 0.000000 0.000000 1.000000 0.000000 0.000000 0.000000 -1.000000 32524.dat
1 16 -129.831300 -15.900000 80.000010 -1.000000 0.000000 0.000000 0.000000 1.000000 0.000000 0.000000 0.000000 -1.000000 gatebaseassemblyblue
1 16 -122.831200 -28.455860 140.000100 -1.000000 0.000000 0.000000 0.000000 1.000000 0.000000 0.000000 0.000000 -1.000000 shieldassemblyblue
1 16 -139.831300 -15.900000 140.000100 -1.000000 0.000000 0.000000 0.000000 1.000000 0.000000 0.000000 0.000000 -1.000000 gatespikeblue
1 16 -129.831300 -15.900000 140.000100 -1.000000 0.000000 0.000000 0.000000 1.000000 0.000000 0.000000 0.000000 -1.000000 gatebaseassemblyblue
1 16 -139.831300 -15.900000 200.000100 -1.000000 0.000000 0.000000 0.000000 1.000000 0.000000 0.000000 0.000000 -1.000000 gatespikeblue
1 16 -129.831300 -15.900000 200.000100 -1.000000 0.000000 0.000000 0.000000 1.000000 0.000000 0.000000 0.000000 -1.000000 gatebaseassemblyblue
0 STEP
0 NOFILE
0 FILE Lunara
0 Lunara
0 Name:  Lunara
0 Author:  
1 16 14.733600 -102.009700 -4.779700 0.687470 -0.142431 -0.712108 0.142431 0.987978 -0.060106 0.712108 -0.060106 0.699492 humanbody
1 16 -14.733600 -13.991000 4.779700 0.687470 0.000000 -0.726213 0.142431 0.980578 0.134833 0.712108 -0.196129 0.674118 deerbody
0 NOFILE
0 FILE HumanBody
0 HumanBody
0 Name:  HumanBody
0 Author:  
1 29 -0.914000 -69.842500 -0.011400 1.000000 0.000000 0.000000 0.000000 1.000000 0.000000 0.000000 0.000000 1.000000 3626cp8d.dat
1 29 14.492200 -36.662400 -0.011400 0.983263 0.182193 0.000000 -0.182194 0.983263 0.000000 0.000000 0.000000 1.000000 3819.dat
1 29 -16.429100 -36.613100 -0.011400 0.985467 -0.011799 -0.169484 0.169895 0.068440 0.983083 0.000000 -0.997585 0.069449 3818.dat
1 288 22.867200 -18.891300 -10.011400 0.990278 -0.052470 -0.128830 -0.052470 0.716829 -0.695272 0.128830 0.695272 0.707107 3820.dat
1 288 -19.894900 -45.489000 -19.618200 -0.982995 -0.145904 -0.111500 0.039692 -0.761668 0.646750 -0.179290 0.631327 0.754508 3820.dat
0 STEP
1 16 5.398500 -24.666500 0.488600 1.000000 0.000000 0.000000 0.000000 1.000000 0.000000 0.000000 0.000000 1.000000 hairmain
0 STEP
1 29 -0.914000 -13.842500 -0.011400 1.000000 0.000000 0.000000 0.000000 1.000000 0.000000 0.000000 0.000000 1.000000 3938.dat
0 STEP
1 16 -2.939800 2.148200 -102.032000 -0.823977 0.168997 0.540834 -0.361888 0.577499 -0.731801 -0.436003 -0.798708 -0.414688 spear
1 29 -0.932500 -45.842500 -0.011400 1.000000 0.000000 0.000000 0.000000 1.000000 0.000000 0.000000 0.000000 1.000000 973pb5.dat
0 STEP
0 NOFILE
0 FILE HairMain
0 HairMain
0 Name:  HairMain
0 Author:  
1 288 -6.333300 -45.176000 -0.500000 1.000000 0.000000 0.000000 0.000000 1.000000 0.000000 0.000000 0.000000 1.000000 15677.dat
1 297 -6.333300 -55.176000 1.000000 1.000000 0.000000 0.000000 0.000000 1.000000 0.000000 0.000000 0.000000 1.000000 96483.dat
1 297 12.666700 -40.176000 -0.500000 0.000000 -1.000000 0.000000 1.000000 0.000000 0.000000 0.000000 0.000000 1.000000 96483.dat
0 NOFILE
0 FILE Spear
0 Spear
0 Name:  Spear
0 Author:  
1 19 0.000000 -72.839100 0.000000 -1.000000 0.000000 0.000000 0.000000 -1.000000 0.000000 0.000000 0.000000 1.000000 577b.dat
1 450 0.000000 -184.839100 0.000000 1.000000 0.000000 0.000000 0.000000 1.000000 0.000000 0.000000 0.000000 1.000000 30374.dat
1 57 0.000000 -62.839100 0.000000 1.000000 0.000000 0.000000 0.000000 -1.000000 0.000000 0.000000 0.000000 -1.000000 64727.dat
0 NOFILE
0 FILE DeerBody
0 DeerBody
0 Name:  DeerBody
0 Author:  
1 6 0.000000 -88.200000 -50.476200 -1.000000 0.000000 0.000000 0.000000 0.000000 1.000000 0.000000 1.000000 0.000000 3937.dat
1 6 0.000000 -68.200000 -34.476100 1.000000 0.000000 0.000000 0.000000 0.000000 -1.000000 0.000000 1.000000 0.000000 85984.dat
1 6 0.000000 -66.200000 -12.476200 1.000000 0.000000 0.000000 0.000000 1.000000 0.000000 0.000000 0.000000 1.000000 99207.dat
1 6 -10.000000 -66.200000 17.523800 0.000000 0.000000 -1.000000 0.000000 1.000000 0.000000 1.000000 0.000000 0.000000 18677.dat
1 6 10.000000 -66.200000 17.523800 0.000000 0.000000 -1.000000 0.000000 1.000000 0.000000 1.000000 0.000000 0.000000 18677.dat
1 6 0.000000 -74.200000 -2.476200 1.000000 0.000000 0.000000 0.000000 1.000000 0.000000 0.000000 0.000000 1.000000 3022.dat
1 6 0.000000 -74.200000 27.523800 -1.000000 0.000000 0.000000 0.000000 1.000000 0.000000 0.000000 0.000000 -1.000000 88072.dat
1 6 0.000000 -84.674100 47.523800 1.000000 0.000000 0.000000 0.000000 1.000000 0.000000 0.000000 0.000000 1.000000 85861.dat
1 15 0.000000 -84.674100 47.523800 1.000000 0.000000 0.000000 0.000000 1.000000 0.000000 0.000000 0.000000 1.000000 15470.dat
1 6 10.000000 -98.200000 7.523800 -1.000000 0.000000 0.000000 0.000000 1.000000 0.000000 0.000000 0.000000 -1.000000 50950.dat
1 6 -10.000000 -98.200000 7.523800 -1.000000 0.000000 0.000000 0.000000 1.000000 0.000000 0.000000 0.000000 -1.000000 50950.dat
1 6 0.000000 -82.200000 -12.476200 1.000000 0.000000 0.000000 0.000000 1.000000 0.000000 0.000000 0.000000 1.000000 3023.dat
1 6 -10.000000 -68.200000 -34.476200 1.000000 0.000000 0.000000 0.000000 0.000000 -1.000000 0.000000 1.000000 0.000000 3614.dat
1 6 10.000000 -68.200000 -34.476200 1.000000 0.000000 0.000000 0.000000 0.000000 -1.000000 0.000000 1.000000 0.000000 3614.dat
1 6 20.000000 -56.200000 27.523800 1.000000 0.000000 0.000000 0.000000 1.000000 0.000000 0.000000 0.000000 1.000000 4274.dat
1 6 -20.000000 -56.200000 27.523800 -1.000000 0.000000 0.000000 0.000000 1.000000 0.000000 0.000000 0.000000 -1.000000 4274.dat
0 STEP
1 6 -2.150000 -24.429200 -45.834100 0.000000 1.000000 0.000000 -0.859027 0.000000 0.511931 0.511931 0.000000 0.859027 frontleg
1 6 13.765300 -19.973700 -24.661100 -0.368738 -0.929533 0.000000 -0.912795 0.362099 0.188918 -0.175606 0.069661 -0.981993 frontleg
1 6 -28.000000 -37.090300 21.622900 0.000000 1.000000 0.000000 -0.955483 0.000000 0.295046 0.295046 0.000000 0.955483 63864.dat
1 6 28.000000 -36.571300 31.359800 0.000000 -1.000000 0.000000 -0.981434 0.000000 0.191800 -0.191800 0.000000 -0.981434 63864.dat
0 STEP
0 NOFILE
0 FILE frontleg
0 frontleg
0 Name:  frontleg
0 Author:  
1 6 0.000000 -11.850000 0.000000 1.000000 0.000000 0.000000 0.000000 1.000000 0.000000 0.000000 0.000000 1.000000 14418.dat
1 6 0.000000 -19.850000 0.000000 1.000000 0.000000 0.000000 0.000000 1.000000 0.000000 0.000000 0.000000 1.000000 3069b.dat
0 NOFILE
0 FILE Tyrande
0 Tyrande
0 Name:  Tyrande
0 Author:  
1 26 0.798600 -40.100000 6.123100 1.000000 0.000000 0.000000 0.000000 1.000000 0.000000 0.000000 0.000000 1.000000 3815cm1.dat
1 26 0.798600 -72.100000 6.123100 1.000000 0.000000 0.000000 0.000000 1.000000 0.000000 0.000000 0.000000 1.000000 973pm6.dat
1 26 0.798600 -96.100000 6.123100 1.000000 0.000000 0.000000 0.000000 1.000000 0.000000 0.000000 0.000000 1.000000 3626bp09.dat
1 3 0.798600 -96.100000 6.123100 1.000000 0.000000 0.000000 0.000000 1.000000 0.000000 0.000000 0.000000 1.000000 62696.dat
1 135 -14.636000 -62.864500 6.123100 0.985462 -0.145347 0.087966 0.169894 0.843083 -0.510243 0.000000 0.517770 0.855520 3818.dat
1 135 16.223300 -62.919900 6.123100 0.983263 0.134257 0.123164 -0.182193 0.724560 0.664694 0.000000 -0.676009 0.736894 3819.dat
1 26 22.458900 -56.711100 -14.090100 0.999969 -0.000166 -0.007844 -0.000166 0.999104 -0.042332 0.007844 0.042332 0.999073 3820.dat
1 26 -23.160500 -42.848100 7.833300 0.978030 0.127439 0.164977 0.127439 0.260795 -0.956946 -0.164977 0.956946 0.238825 3820.dat
0 STEP
1 183 -26.624600 -33.424800 -5.423200 0.971766 0.164369 -0.169276 -0.174109 0.015349 -0.984607 -0.159241 0.986280 0.043534 93231.dat
1 41 22.544400 -59.564400 -25.058400 0.999969 -0.002225 -0.007523 -0.000166 0.952706 -0.303894 0.007844 0.303886 0.952676 40232.dat
0 STEP
0 NOFILE
0 FILE MapTile1
0 MapTile1
0 Name:  MapTile1
0 Author:  
1 16 38.904940 -16.000000 33.812670 0.000001 0.000000 -1.000000 0.000000 1.000000 0.000000 1.000000 0.000000 0.000001 shambler 1
1 16 -73.235060 -8.000000 25.114070 -1.000000 0.000000 0.000000 0.000000 1.000000 0.000000 0.000000 0.000000 -1.000000 shambler 2
1 16 -32.396470 -16.000000 -58.327330 1.000000 0.000000 0.000000 0.000000 1.000000 0.000000 0.000000 0.000000 1.000000 shambler 3
1 2 27.184230 -8.100000 -26.606630 1.000000 0.000000 0.000000 0.000000 1.000000 0.000000 0.000000 0.000000 1.000000 91405.dat
1 15 7.184235 -56.100000 123.393400 1.000000 0.000000 0.000000 0.000000 1.000000 0.000000 0.000000 0.000000 1.000000 33303.dat
1 15 -72.815770 -56.100000 123.393400 1.000000 0.000000 0.000000 0.000000 1.000000 0.000000 0.000000 0.000000 1.000000 33303.dat
1 15 -122.815800 -56.100000 73.393370 0.000000 0.000000 -1.000000 0.000000 1.000000 0.000000 1.000000 0.000000 0.000000 33303.dat
1 15 -122.815800 -56.100000 -6.606628 0.000000 0.000000 -1.000000 0.000000 1.000000 0.000000 1.000000 0.000000 0.000000 33303.dat
1 15 -122.815800 -32.100000 123.393400 1.000000 0.000000 0.000000 0.000000 1.000000 0.000000 0.000000 0.000000 1.000000 3062b.dat
1 5 -122.815800 -40.100000 123.393400 1.000000 0.000000 0.000000 0.000000 1.000000 0.000000 0.000000 0.000000 1.000000 33291.dat
1 10004 -82.815770 -16.100000 83.393370 1.000000 0.000000 0.000000 0.000000 1.000000 0.000000 0.000000 0.000000 1.000000 3024.dat
1 10004 -42.815770 -16.100000 43.393370 1.000000 0.000000 0.000000 0.000000 1.000000 0.000000 0.000000 0.000000 1.000000 3024.dat
1 10004 -102.815800 -16.100000 23.393370 1.000000 0.000000 0.000000 0.000000 1.000000 0.000000 0.000000 0.000000 1.000000 6141.dat
1 10004 -42.815770 -16.100000 103.393400 1.000000 0.000000 0.000000 0.000000 1.000000 0.000000 0.000000 0.000000 1.000000 6141.dat
1 10004 -82.815770 -16.100000 43.393370 1.000000 0.000000 0.000000 0.000000 1.000000 0.000000 0.000000 0.000000 1.000000 33291.dat
1 137 -22.815770 -8.100000 83.393370 1.000000 0.000000 0.000000 0.000000 1.000000 0.000000 0.000000 0.000000 1.000000 15470.dat
1 10004 -2.815765 -16.100000 103.393400 1.000000 0.000000 0.000000 0.000000 1.000000 0.000000 0.000000 0.000000 1.000000 20482.dat
1 137 37.184230 -16.100000 103.393400 1.000000 0.000000 0.000000 0.000000 1.000000 0.000000 0.000000 0.000000 1.000000 98138.dat
1 137 -2.815765 -28.100000 103.393400 1.000000 0.000000 0.000000 0.000000 1.000000 0.000000 0.000000 0.000000 1.000000 85861.dat
1 137 -102.815800 -16.100000 23.393370 1.000000 0.000000 0.000000 0.000000 1.000000 0.000000 0.000000 0.000000 1.000000 15470.dat
1 137 -82.815770 -24.100000 43.393370 1.000000 0.000000 0.000000 0.000000 1.000000 0.000000 0.000000 0.000000 1.000000 98138.dat
1 137 -42.815770 -24.100000 103.393400 1.000000 0.000000 0.000000 0.000000 1.000000 0.000000 0.000000 0.000000 1.000000 98138.dat
1 137 -82.815770 -16.100000 83.393370 1.000000 0.000000 0.000000 0.000000 1.000000 0.000000 0.000000 0.000000 1.000000 54200.dat
1 137 -42.815770 -16.100000 43.393370 0.000000 0.000000 -1.000000 0.000000 1.000000 0.000000 1.000000 0.000000 0.000000 54200.dat
1 137 -82.815770 -8.100000 -16.606630 0.000000 0.000000 -1.000000 0.000000 1.000000 0.000000 1.000000 0.000000 0.000000 54200.dat
1 137 -122.815800 -8.100000 -56.606630 0.000000 0.000000 -1.000000 0.000000 1.000000 0.000000 1.000000 0.000000 0.000000 54200.dat
1 288 7.184235 -16.100000 -126.606600 1.000000 0.000000 0.000000 0.000000 1.000000 0.000000 0.000000 0.000000 1.000000 6064.dat
1 288 127.184200 -24.100000 -6.606628 1.000000 0.000000 0.000000 0.000000 1.000000 0.000000 0.000000 0.000000 1.000000 6064.dat
1 6 -12.815770 -16.100000 13.393370 -1.000000 0.000000 0.000000 0.000000 1.000000 0.000000 0.000000 0.000000 -1.000000 30565.dat
1 6 -12.815770 -16.100000 -46.606630 0.000000 0.000000 1.000000 0.000000 1.000000 0.000000 -1.000000 0.000000 0.000000 41770.dat
1 6 47.184230 -16.100000 13.393370 1.000000 0.000000 0.000000 0.000000 1.000000 0.000000 0.000000 0.000000 1.000000 41770.dat
1 16 47.184230 -16.000000 -46.606630 1.000000 0.000000 0.000000 0.000000 1.000000 0.000000 0.000000 0.000000 1.000000 big bush
1 288 107.184200 -16.100000 -106.606600 1.000000 0.000000 0.000000 0.000000 1.000000 0.000000 0.000000 0.000000 1.000000 41539.dat
1 10 7.184235 -16.100000 -126.606600 1.000000 0.000000 0.000000 0.000000 1.000000 0.000000 0.000000 0.000000 1.000000 4032a.dat
1 6 127.184200 -16.100000 -6.606628 1.000000 0.000000 0.000000 0.000000 1.000000 0.000000 0.000000 0.000000 1.000000 4032a.dat
1 288 127.184200 -24.100000 -6.606628 1.000000 0.000000 0.000000 0.000000 1.000000 0.000000 0.000000 0.000000 1.000000 4032a.dat
1 2 167.184200 -8.100000 3.393372 -1.000000 0.000000 0.000000 0.000000 1.000000 0.000000 0.000000 0.000000 -1.000000 85984.dat
1 288 -2.815765 -8.100000 -176.606600 1.000000 0.000000 0.000000 0.000000 1.000000 0.000000 0.000000 0.000000 1.000000 54200.dat
1 288 177.184300 -24.100000 -106.606600 0.000000 0.000000 -1.000000 0.000000 1.000000 0.000000 1.000000 0.000000 0.000000 3460.dat
1 15 177.184200 -72.100000 -46.606630 0.000000 0.000000 -1.000000 0.000000 1.000000 0.000000 1.000000 0.000000 0.000000 33303.dat
1 15 177.184400 -72.100000 -126.606800 0.000000 0.000000 -1.000001 0.000000 1.000000 0.000000 1.000001 0.000000 0.000000 33303.dat
1 288 157.184200 -16.100000 -36.606630 0.000000 0.000000 1.000000 0.000000 1.000000 0.000000 -1.000000 0.000000 0.000000 54200.dat
1 288 107.184200 -24.100000 -126.606600 1.000000 0.000000 0.000000 0.000000 1.000000 0.000000 0.000000 0.000000 1.000000 3778.dat
1 2 117.184200 -8.100000 123.393400 0.000000 0.000000 -1.000000 0.000000 1.000000 0.000000 1.000000 0.000000 0.000000 15279.dat
1 16 -137.573200 -8.000000 -152.523500 0.000000 0.000000 -1.000000 0.000000 1.000000 0.000000 1.000000 0.000000 0.000000 bigflower
1 16 57.300540 -7.900001 123.432900 1.000000 0.000000 0.000000 0.000000 1.000000 0.000000 0.000000 0.000000 1.000000 tentacle plant
1 16 -122.932100 -7.900001 -76.646220 1.000000 0.000000 0.000000 0.000000 1.000000 0.000000 0.000000 0.000000 1.000000 small flower
1 288 17.184230 -16.100000 -176.606600 1.000000 0.000000 0.000000 0.000000 1.000000 0.000000 0.000000 0.000000 1.000000 3024.dat
1 288 167.184200 -16.100000 -16.606630 1.000000 0.000000 0.000000 0.000000 1.000000 0.000000 0.000000 0.000000 1.000000 3023.dat
1 288 167.184200 -24.100000 -16.606630 1.000000 0.000000 0.000000 0.000000 1.000000 0.000000 0.000000 0.000000 1.000000 3023.dat
1 15 47.184070 -64.100000 -176.606800 -1.000000 0.000000 0.000000 0.000000 1.000000 0.000000 0.000000 0.000000 -1.000000 33303.dat
1 15 127.184200 -64.100000 -176.606600 -1.000001 0.000000 0.000000 0.000000 1.000000 0.000000 0.000000 0.000000 -1.000001 33303.dat
1 15 177.184300 -48.100000 -176.606600 1.000000 0.000000 0.000000 0.000000 1.000000 0.000000 0.000000 0.000000 1.000000 3062b.dat
1 5 177.184300 -56.100000 -176.606600 1.000000 0.000000 0.000000 0.000000 1.000000 0.000000 0.000000 0.000000 1.000000 33291.dat
0 NOFILE
0 FILE Shambler 1
0 Shambler 1
0 Name:  Shambler 1
0 Author:  
1 85 -0.557200 -63.600000 -1.279300 0.619141 0.000000 -0.785278 -0.785280 0.000000 -0.619139 0.000000 0.999997 0.000000 3741.dat
1 26 22.500300 -72.759700 -31.013700 0.528517 0.423645 0.735660 -0.746731 -0.180209 0.640249 0.403810 -0.887722 0.221105 3742.dat
1 26 -15.425100 -75.322300 -18.912100 0.545192 -0.340880 0.765878 -0.837184 -0.268761 0.476331 0.043466 -0.900872 -0.431905 3742.dat
1 26 -3.868900 -41.336900 -26.396500 0.438312 -0.070695 0.896039 -0.793014 0.438849 0.422540 -0.423097 -0.895776 0.136290 3742.dat
1 288 -0.419300 -8.100000 21.720700 1.000000 0.000000 0.000000 0.000000 1.000000 0.000000 0.000000 0.000000 1.000000 30376.dat
1 288 -0.557200 -46.100000 21.720700 -1.000000 0.000000 0.000000 0.000000 1.000000 0.000000 0.000000 0.000000 -1.000000 30375.dat
1 288 -16.057200 -78.100000 21.720700 1.000000 0.000000 0.000000 0.000000 0.826744 0.562578 0.000000 -0.562578 0.826744 93061.dat
1 288 14.942800 -78.100000 21.720700 0.000000 0.000000 -1.000000 0.000000 1.000000 0.000000 1.000000 0.000000 0.000000 48729.dat
1 26 -0.557200 -63.600000 -9.279300 1.000000 0.000000 0.000001 0.000001 0.000000 -1.000000 0.000000 1.000000 0.000000 98138p07.dat
0 STEP
1 6 -16.057200 -45.496200 -6.423500 1.000000 0.000000 0.000000 0.000000 0.998725 -0.050479 0.000000 0.050479 0.998725 4496.dat
0 STEP
0 NOFILE
0 FILE Shambler 2
0 Shambler 2
0 Name:  Shambler 2
0 Author:  
1 85 -0.557200 -63.600000 -1.279300 0.356356 0.000000 -0.934348 -0.934350 0.000000 -0.356355 0.000000 0.999997 0.000000 3741.dat
1 26 18.712400 -79.227900 -31.013700 0.281381 0.350490 0.893298 -0.870495 -0.298508 0.391320 0.403810 -0.887722 0.221105 3742.dat
1 26 -18.247500 -70.346900 -18.912100 0.270281 -0.405589 0.873183 -0.961800 -0.154690 0.225859 0.043466 -0.900872 -0.431905 3742.dat
1 26 2.931200 -41.363900 -26.396500 0.181470 0.063596 0.981339 -0.887726 0.439934 0.135650 -0.423097 -0.895776 0.136290 3742.dat
1 26 -0.738400 -64.179100 -9.309800 -1.000000 0.000000 0.000000 0.000000 0.000000 1.000000 0.000000 1.000000 0.000000 98138p0b.dat
1 288 -0.419300 -8.100000 21.720700 1.000000 0.000000 0.000000 0.000000 1.000000 0.000000 0.000000 0.000000 1.000000 30376.dat
1 288 -0.557200 -46.100000 21.720700 -1.000000 0.000000 0.000000 0.000000 1.000000 0.000000 0.000000 0.000000 -1.000000 30375.dat
1 288 -16.057200 -78.100000 21.720700 1.000000 0.000000 0.000000 0.000000 0.951972 0.306185 0.000000 -0.306185 0.951972 93061.dat
1 288 14.942800 -78.100000 21.720700 0.000000 0.000000 -1.000000 0.000000 1.000000 0.000000 1.000000 0.000000 0.000000 48729.dat
0 STEP
1 308 -16.057200 -58.472700 -24.122800 1.000000 0.000000 0.000000 0.000000 0.943811 -0.330486 0.000000 0.330486 0.943811 3899.dat
0 STEP
0 NOFILE
0 FILE Shambler 3
0 Shambler 3
0 Name:  Shambler 3
0 Author:  
1 85 -0.557200 -63.600000 -1.279300 0.619141 0.000000 -0.785278 -0.785280 0.000000 -0.619139 0.000000 0.999997 0.000000 3741.dat
1 26 22.500300 -72.759700 -31.013700 0.528517 0.423645 0.735660 -0.746731 -0.180209 0.640249 0.403810 -0.887722 0.221105 3742.dat
1 26 -15.425100 -75.322300 -18.912100 0.545192 -0.340880 0.765878 -0.837184 -0.268761 0.476331 0.043466 -0.900872 -0.431905 3742.dat
1 26 -3.868900 -41.336900 -26.396500 0.438312 -0.070695 0.896039 -0.793014 0.438849 0.422540 -0.423097 -0.895776 0.136290 3742.dat
1 288 -0.419300 -8.100000 21.720700 1.000000 0.000000 0.000000 0.000000 1.000000 0.000000 0.000000 0.000000 1.000000 30376.dat
1 288 -0.557200 -46.100000 21.720700 -1.000000 0.000000 0.000000 0.000000 1.000000 0.000000 0.000000 0.000000 -1.000000 30375.dat
1 288 -16.057200 -78.100000 21.720700 1.000000 0.000000 0.000000 0.000000 0.207675 -0.978198 0.000000 0.978198 0.207675 93061.dat
1 288 14.942800 -78.100000 21.720700 0.000000 0.000000 -1.000000 0.000000 1.000000 0.000000 1.000000 0.000000 0.000000 48729.dat
1 26 0.000000 -64.000000 -10.000000 1.000000 0.000000 0.000000 0.000000 0.000000 -1.000000 0.000000 1.000000 0.000000 98138p0c.dat
0 STEP
1 135 -16.057200 -44.899600 21.012600 1.000000 0.000000 0.000000 0.000000 -0.424857 -0.905261 0.000000 0.905261 -0.424857 3837.dat
0 STEP
0 NOFILE
0 FILE big bush
0 big bush
0 Name:  big bush
0 Author:  
1 288 0.000000 -0.100000 0.000000 1.000000 0.000000 0.000000 0.000000 1.000000 0.000000 0.000000 0.000000 1.000000 6065.dat
1 10 0.000000 -24.100000 0.000000 1.000000 0.000000 0.000000 0.000000 1.000000 0.000000 0.000000 0.000000 1.000000 6064.dat
0 NOFILE
0 FILE BigFlower
0 BigFlower
0 Name:  BigFlower
0 Author:  
1 10 -0.384000 -16.100000 -0.050700 -0.515496 0.000000 -0.856892 0.000000 1.000000 0.000000 0.856892 0.000000 -0.515496 6255.dat
1 10 -0.620300 -32.100000 -0.092500 0.000000 0.000000 -1.000000 0.000000 1.000000 0.000000 1.000000 0.000000 0.000000 3741.dat
1 85 11.119600 -59.040500 20.106000 0.974102 -0.221106 -0.047298 0.221106 0.887722 0.403810 -0.047298 -0.403810 0.913620 3742.dat
1 85 -20.142800 -50.958500 -0.092500 0.896344 0.434086 -0.090206 -0.431905 0.900871 0.043466 0.100132 0.000000 0.994974 3742.dat
1 85 10.647800 -57.567400 -19.777700 0.975345 -0.216194 0.044292 0.216194 0.895776 -0.388390 0.044292 0.388390 0.920430 3742.dat
1 85 -0.620300 -40.100000 -0.092500 1.000000 0.000000 0.000000 0.000000 1.000000 0.000000 0.000000 0.000000 1.000000 33291.dat
0 NOFILE
0 FILE Tentacle Plant
0 Tentacle Plant
0 Name:  Tentacle Plant
0 Author:  
1 288 0.116300 -24.200000 0.039500 0.765880 0.000000 -0.642983 0.000000 1.000000 0.000000 0.642983 0.000000 0.765880 30176.dat
1 2 -0.116300 -24.200000 -0.039500 0.935666 0.000000 -0.352887 0.000000 1.000000 0.000000 0.352887 0.000000 0.935666 55236.dat
0 NOFILE
0 FILE Small Flower
0 Small Flower
0 Name:  Small Flower
0 Author:  
1 288 -0.116300 -24.200000 -0.039500 -0.765880 0.000000 0.642983 0.000000 1.000000 0.000000 -0.642983 0.000000 -0.765881 30176.dat
1 320 0.116300 -32.200000 0.039600 1.000000 0.000000 0.000000 0.000000 1.000000 0.000000 0.000000 0.000000 1.000000 33291.dat
0 NOFILE
0 FILE TowerBottomBlue
0 TowerBottomBlue
0 Name:  TowerBottomBlue
0 Author:  
1 71 -0.000015 -24.100300 0.000000 1.000000 0.000000 0.000000 0.000000 1.000000 0.000000 0.000000 0.000000 1.000000 87081.dat
1 71 9.999985 -48.100300 -10.000000 1.000000 0.000000 0.000000 0.000000 1.000000 0.000000 0.000000 0.000000 1.000000 3063b.dat
1 272 9.999985 -48.100300 10.000030 0.000000 0.000000 -1.000000 0.000000 1.000000 0.000000 1.000000 0.000000 0.000000 3063b.dat
1 71 -10.000020 -48.100300 10.000000 -1.000000 0.000000 0.000000 0.000000 1.000000 0.000000 0.000000 0.000000 -1.000000 3063b.dat
1 71 -9.999954 -48.100300 -9.999741 0.000000 0.000000 1.000000 0.000000 1.000000 0.000000 -1.000000 0.000000 0.000000 3063b.dat
1 71 -0.000015 -56.100300 0.000000 1.000000 0.000000 0.000000 0.000000 1.000000 0.000000 0.000000 0.000000 1.000000 11833.dat
1 71 -10.000180 -80.100300 -9.999969 0.000000 0.000000 1.000000 0.000000 1.000000 0.000000 -1.000000 0.000000 0.000000 3063b.dat
1 272 10.000000 -80.100300 -9.999954 1.000000 0.000000 0.000000 0.000000 1.000000 0.000000 0.000000 0.000000 1.000000 3063b.dat
1 71 9.999985 -80.100300 9.999969 0.000000 0.000000 -1.000000 0.000000 1.000000 0.000000 1.000000 0.000000 0.000000 3063b.dat
1 71 -9.999924 -80.100300 9.999908 -1.000000 0.000000 0.000000 0.000000 1.000000 0.000000 0.000000 0.000000 -1.000000 3063b.dat
1 72 -0.000015 -88.100300 -0.000031 1.000000 0.000000 0.000000 0.000000 1.000000 0.000000 0.000000 0.000000 1.000000 60474.dat
1 71 -0.000015 -96.100300 -0.000031 1.000000 0.000000 0.000000 0.000000 1.000000 0.000000 0.000000 0.000000 1.000000 3680.dat
1 272 -10.000020 -96.100300 -30.000030 1.000000 0.000000 0.000000 0.000000 1.000000 0.000000 0.000000 0.000000 1.000000 98138.dat
1 71 9.999985 -96.100300 -30.000030 1.000000 0.000000 0.000000 0.000000 1.000000 0.000000 0.000000 0.000000 1.000000 98138.dat
1 71 -10.000010 -96.100300 29.999970 1.000000 0.000000 0.000000 0.000000 1.000000 0.000000 0.000000 0.000000 1.000000 98138.dat
1 272 9.999987 -96.100300 29.999970 1.000000 0.000000 0.000000 0.000000 1.000000 0.000000 0.000000 0.000000 1.000000 98138.dat
1 71 -30.000030 -96.100300 -10.000030 0.000000 0.000000 -1.000000 0.000000 1.000000 0.000000 1.000000 0.000000 0.000000 98138.dat
1 272 -30.000020 -96.100300 9.999980 0.000000 0.000000 -1.000000 0.000000 1.000000 0.000000 1.000000 0.000000 0.000000 98138.dat
1 272 29.999980 -96.100300 -10.000030 0.000000 0.000000 -1.000000 0.000000 1.000000 0.000000 1.000000 0.000000 0.000000 98138.dat
1 272 29.999980 -96.100300 9.999968 0.000000 0.000000 -1.000000 0.000000 1.000000 0.000000 1.000000 0.000000 0.000000 98138.dat
0 NOFILE
0 FILE TowerTopBlue
0 TowerTopBlue
0 Name:  TowerTopBlue
0 Author:  
1 0 0.000000 -8.099998 0.000000 1.000000 0.000000 0.000000 0.000000 1.000000 0.000000 0.000000 0.000000 1.000000 3679.dat
1 71 0.000000 -16.100000 0.000000 1.000000 0.000000 0.000000 0.000000 1.000000 0.000000 0.000000 0.000000 1.000000 60474.dat
1 71 29.999980 -24.100000 -0.000007 0.000000 0.000000 -1.000000 0.000000 1.000000 0.000000 1.000000 0.000000 0.000000 44728.dat
1 272 51.999970 -4.099996 0.000000 0.000000 -1.000000 0.000000 0.000000 0.000000 -1.000000 1.000000 0.000000 0.000000 4859.dat
1 72 75.999980 -4.099997 0.000000 0.000000 -1.000000 0.000000 1.000000 0.000000 0.000000 0.000000 0.000000 1.000000 98100.dat
1 57 83.999730 -4.099998 0.000000 0.000000 -1.000000 0.000000 1.000000 0.000000 0.000000 0.000000 0.000000 1.000000 98138.dat
1 71 0.000000 -24.100000 -30.000000 1.000000 0.000000 0.000000 0.000000 1.000000 0.000000 0.000000 0.000000 1.000000 3023.dat
1 71 0.000000 -24.100000 30.000000 1.000000 0.000000 0.000000 0.000000 1.000000 0.000000 0.000000 0.000000 1.000000 3023.dat
1 272 -30.000020 -24.100000 -0.000004 0.000000 0.000000 -1.000000 0.000000 1.000000 0.000000 1.000000 0.000000 0.000000 3023.dat
1 72 0.000000 -32.100000 0.000000 1.000000 0.000000 0.000000 0.000000 1.000000 0.000000 0.000000 0.000000 1.000000 11833.dat
1 72 0.000000 -32.100000 30.000000 1.000000 0.000000 0.000000 0.000000 1.000000 0.000000 0.000000 0.000000 1.000000 85984.dat
1 72 0.000000 -32.100000 -30.000000 -1.000000 0.000000 0.000000 0.000000 1.000000 0.000000 0.000000 0.000000 -1.000000 85984.dat
1 72 -30.000010 -32.100000 0.000012 0.000000 0.000000 -1.000000 0.000000 1.000000 0.000000 1.000000 0.000000 0.000000 85984.dat
1 72 29.999990 -32.100000 0.000001 -0.000001 0.000000 1.000000 0.000000 1.000000 0.000000 -1.000000 0.000000 -0.000001 85984.dat
1 72 0.000000 -24.100000 0.000000 1.000000 0.000000 0.000000 0.000000 1.000000 0.000000 0.000000 0.000000 1.000000 4150.dat
0 NOFILE
0 FILE TowerBottomRed
0 TowerBottomRed
0 Name:  TowerBottomRed
0 Author:  
1 71 -0.000015 -24.100300 0.000000 1.000000 0.000000 0.000000 0.000000 1.000000 0.000000 0.000000 0.000000 1.000000 87081.dat
1 71 9.999985 -48.100300 -10.000000 1.000000 0.000000 0.000000 0.000000 1.000000 0.000000 0.000000 0.000000 1.000000 3063b.dat
1 320 9.999985 -48.100300 10.000030 0.000000 0.000000 -1.000000 0.000000 1.000000 0.000000 1.000000 0.000000 0.000000 3063b.dat
1 71 -10.000020 -48.100300 10.000000 -1.000000 0.000000 0.000000 0.000000 1.000000 0.000000 0.000000 0.000000 -1.000000 3063b.dat
1 71 -9.999954 -48.100300 -9.999741 0.000000 0.000000 1.000000 0.000000 1.000000 0.000000 -1.000000 0.000000 0.000000 3063b.dat
1 71 -0.000015 -56.100300 0.000000 1.000000 0.000000 0.000000 0.000000 1.000000 0.000000 0.000000 0.000000 1.000000 11833.dat
1 71 -10.000180 -80.100300 -9.999969 0.000000 0.000000 1.000000 0.000000 1.000000 0.000000 -1.000000 0.000000 0.000000 3063b.dat
1 320 10.000000 -80.100300 -9.999954 1.000000 0.000000 0.000000 0.000000 1.000000 0.000000 0.000000 0.000000 1.000000 3063b.dat
1 71 9.999985 -80.100300 9.999969 0.000000 0.000000 -1.000000 0.000000 1.000000 0.000000 1.000000 0.000000 0.000000 3063b.dat
1 71 -9.999924 -80.100300 9.999908 -1.000000 0.000000 0.000000 0.000000 1.000000 0.000000 0.000000 0.000000 -1.000000 3063b.dat
1 72 -0.000015 -88.100300 -0.000031 1.000000 0.000000 0.000000 0.000000 1.000000 0.000000 0.000000 0.000000 1.000000 60474.dat
1 71 -0.000015 -96.100300 -0.000031 1.000000 0.000000 0.000000 0.000000 1.000000 0.000000 0.000000 0.000000 1.000000 3680.dat
1 320 -10.000020 -96.100300 -30.000030 1.000000 0.000000 0.000000 0.000000 1.000000 0.000000 0.000000 0.000000 1.000000 98138.dat
1 71 9.999985 -96.100300 -30.000030 1.000000 0.000000 0.000000 0.000000 1.000000 0.000000 0.000000 0.000000 1.000000 98138.dat
1 71 -10.000010 -96.100300 29.999970 1.000000 0.000000 0.000000 0.000000 1.000000 0.000000 0.000000 0.000000 1.000000 98138.dat
1 320 9.999987 -96.100300 29.999970 1.000000 0.000000 0.000000 0.000000 1.000000 0.000000 0.000000 0.000000 1.000000 98138.dat
1 71 -30.000030 -96.100300 -10.000030 0.000000 0.000000 -1.000000 0.000000 1.000000 0.000000 1.000000 0.000000 0.000000 98138.dat
1 320 -30.000020 -96.100300 9.999980 0.000000 0.000000 -1.000000 0.000000 1.000000 0.000000 1.000000 0.000000 0.000000 98138.dat
1 320 29.999980 -96.100300 -10.000030 0.000000 0.000000 -1.000000 0.000000 1.000000 0.000000 1.000000 0.000000 0.000000 98138.dat
1 320 29.999980 -96.100300 9.999968 0.000000 0.000000 -1.000000 0.000000 1.000000 0.000000 1.000000 0.000000 0.000000 98138.dat
0 NOFILE
0 FILE TowerTopRed
0 TowerTopRed
0 Name:  TowerTopRed
0 Author:  
1 0 0.000000 -8.099998 0.000000 1.000000 0.000000 0.000000 0.000000 1.000000 0.000000 0.000000 0.000000 1.000000 3679.dat
1 71 0.000000 -16.100000 0.000000 1.000000 0.000000 0.000000 0.000000 1.000000 0.000000 0.000000 0.000000 1.000000 60474.dat
1 71 29.999980 -24.100000 -0.000007 0.000000 0.000000 -1.000000 0.000000 1.000000 0.000000 1.000000 0.000000 0.000000 44728.dat
1 320 51.999970 -4.099996 0.000000 0.000000 -1.000000 0.000000 0.000000 0.000000 -1.000000 1.000000 0.000000 0.000000 4859.dat
1 72 75.999980 -4.099997 0.000000 0.000000 -1.000000 0.000000 1.000000 0.000000 0.000000 0.000000 0.000000 1.000000 98100.dat
1 57 83.999730 -4.099998 0.000000 0.000000 -1.000000 0.000000 1.000000 0.000000 0.000000 0.000000 0.000000 1.000000 98138.dat
1 71 0.000000 -24.100000 -30.000000 1.000000 0.000000 0.000000 0.000000 1.000000 0.000000 0.000000 0.000000 1.000000 3023.dat
1 71 0.000000 -24.100000 30.000000 1.000000 0.000000 0.000000 0.000000 1.000000 0.000000 0.000000 0.000000 1.000000 3023.dat
1 320 -30.000020 -24.100000 -0.000004 0.000000 0.000000 -1.000000 0.000000 1.000000 0.000000 1.000000 0.000000 0.000000 3023.dat
1 72 0.000000 -32.100000 0.000000 1.000000 0.000000 0.000000 0.000000 1.000000 0.000000 0.000000 0.000000 1.000000 11833.dat
1 72 0.000000 -32.100000 30.000000 1.000000 0.000000 0.000000 0.000000 1.000000 0.000000 0.000000 0.000000 1.000000 85984.dat
1 72 0.000000 -32.100000 -30.000000 -1.000000 0.000000 0.000000 0.000000 1.000000 0.000000 0.000000 0.000000 -1.000000 85984.dat
1 72 -30.000010 -32.100000 0.000012 0.000000 0.000000 -1.000000 0.000000 1.000000 0.000000 1.000000 0.000000 0.000000 85984.dat
1 72 29.999990 -32.100000 0.000001 -0.000001 0.000000 1.000000 0.000000 1.000000 0.000000 -1.000000 0.000000 -0.000001 85984.dat
1 72 0.000000 -24.100000 0.000000 1.000000 0.000000 0.000000 0.000000 1.000000 0.000000 0.000000 0.000000 1.000000 4150.dat
0 NOFILE
0 FILE BlueMinionWave
0 BlueMinionWave
0 Name:  BlueMinionWave
0 Author:  
1 16 43.071420 -0.099998 28.785720 1.000000 0.000000 0.000000 0.000000 1.000000 0.000000 0.000000 0.000000 1.000000 bluefootman
1 16 42.821420 -0.099998 -11.464280 1.000000 0.000000 0.000000 0.000000 1.000000 0.000000 0.000000 0.000000 1.000000 bluefootman
1 16 42.821420 -0.099998 -51.464280 1.000000 0.000000 0.000000 0.000000 1.000000 0.000000 0.000000 0.000000 1.000000 bluefootman
1 16 2.821419 -0.099998 8.535736 1.000000 0.000000 0.000000 0.000000 1.000000 0.000000 0.000000 0.000000 1.000000 bluewizard
1 16 -37.178580 -0.099998 -31.464280 1.000000 0.000000 0.000000 0.000000 1.000000 0.000000 0.000000 0.000000 1.000000 bluearcher
1 16 -57.178580 -0.099998 8.535721 1.000000 0.000000 0.000000 0.000000 1.000000 0.000000 0.000000 0.000000 1.000000 bluearcher
1 16 -37.178580 -0.099998 48.535720 1.000000 0.000000 0.000000 0.000000 1.000000 0.000000 0.000000 0.000000 1.000000 bluearcher
0 NOFILE
0 FILE BlueFootman
0 BlueFootman
0 Name:  BlueFootman
0 Author:  
1 73 0.000000 -48.100000 0.000000 0.000000 0.000000 -1.000000 0.000000 1.000000 0.000000 1.000000 0.000000 0.000000 85863.dat
1 135 0.000000 -48.100000 0.000000 1.000000 0.000000 0.000000 0.000000 1.000000 0.000000 0.000000 0.000000 1.000000 15470.dat
0 NOFILE
0 FILE BlueWizard
0 BlueWizard
0 Name:  BlueWizard
0 Author:  
1 73 0.000000 -48.100000 0.000000 0.000000 0.000000 -1.000000 0.000000 1.000000 0.000000 1.000000 0.000000 0.000000 85863.dat
1 272 0.000000 -56.100000 0.000000 1.000000 0.000000 0.000000 0.000000 1.000000 0.000000 0.000000 0.000000 1.000000 20482.dat
0 NOFILE
0 FILE BlueArcher
0 BlueArcher
0 Name:  BlueArcher
0 Author:  
1 73 0.000000 -48.100000 0.000000 0.000000 0.000000 -1.000000 0.000000 1.000000 0.000000 1.000000 0.000000 0.000000 85863.dat
1 6 0.000000 -56.100000 0.000000 1.000000 0.000000 0.000000 0.000000 1.000000 0.000000 0.000000 0.000000 1.000000 98138.dat
0 NOFILE
0 FILE RedMinionWave
0 RedMinionWave
0 Name:  RedMinionWave
0 Author:  
1 16 -42.857160 -0.099998 51.428570 -1.000000 0.000000 -0.000001 0.000000 1.000000 0.000000 0.000001 0.000000 -1.000000 redfootman
1 16 -42.857160 -0.099998 11.428570 -1.000000 0.000000 -0.000001 0.000000 1.000000 0.000000 0.000001 0.000000 -1.000000 redfootman
1 16 -42.857160 -0.099998 -28.571430 -1.000000 0.000000 -0.000001 0.000000 1.000000 0.000000 0.000001 0.000000 -1.000000 redfootman
1 16 -2.857162 -0.099998 -8.571426 -1.000000 0.000000 0.000000 0.000000 1.000000 0.000000 0.000000 0.000000 -1.000000 redwizard
1 16 37.142840 -0.099998 -48.571430 -1.000000 0.000000 0.000000 0.000000 1.000000 0.000000 0.000000 0.000000 -1.000000 redarcher
1 16 57.142840 -0.099998 -8.571426 -1.000000 0.000000 0.000000 0.000000 1.000000 0.000000 0.000000 0.000000 -1.000000 redarcher
1 16 37.142840 -0.099998 31.428570 -1.000000 0.000000 0.000000 0.000000 1.000000 0.000000 0.000000 0.000000 -1.000000 redarcher
0 NOFILE
0 FILE RedFootman
0 RedFootman
0 Name:  RedFootman
0 Author:  
1 335 0.000000 -48.100000 0.000000 0.000000 0.000000 -1.000000 0.000000 1.000000 0.000000 1.000000 0.000000 0.000000 85863.dat
1 135 0.000000 -48.100000 0.000000 1.000000 0.000000 0.000000 0.000000 1.000000 0.000000 0.000000 0.000000 1.000000 15470.dat
0 NOFILE
0 FILE RedWizard
0 RedWizard
0 Name:  RedWizard
0 Author:  
1 335 0.000000 -48.100000 0.000000 0.000000 0.000000 -1.000000 0.000000 1.000000 0.000000 1.000000 0.000000 0.000000 85863.dat
1 320 0.000000 -56.100000 0.000000 1.000000 0.000000 0.000000 0.000000 1.000000 0.000000 0.000000 0.000000 1.000000 20482.dat
0 NOFILE
0 FILE RedArcher
0 RedArcher
0 Name:  RedArcher
0 Author:  
1 335 0.000000 -48.100000 0.000000 0.000000 0.000000 -1.000000 0.000000 1.000000 0.000000 1.000000 0.000000 0.000000 85863.dat
1 6 0.000000 -56.100000 0.000000 1.000000 0.000000 0.000000 0.000000 1.000000 0.000000 0.000000 0.000000 1.000000 98138.dat
0 NOFILE
0 FILE GateMidDirt
0 GateMidDirt
0 Name:  GateMidDirt
0 Author:  
1 6 0.000000 -8.100000 60.000000 1.000000 0.000000 0.000000 0.000000 1.000000 0.000000 0.000000 0.000000 1.000000 87580.dat
1 6 0.000000 -8.100000 0.000000 1.000000 0.000000 0.000000 0.000000 1.000000 0.000000 0.000000 0.000000 1.000000 87580.dat
1 6 0.000000 -8.100000 -60.000000 1.000000 0.000000 0.000000 0.000000 1.000000 0.000000 0.000000 0.000000 1.000000 87580.dat
1 6 0.000000 -8.100000 -30.000000 1.000000 0.000000 0.000000 0.000000 1.000000 0.000000 0.000000 0.000000 1.000000 3069b.dat
1 6 0.000000 -8.100000 30.000000 1.000000 0.000000 0.000000 0.000000 1.000000 0.000000 0.000000 0.000000 1.000000 3069b.dat
